2    300
3    230
4    185
5    158
6    150
7    145
8    142
9    132
10    126
11    122
12    118
13    115
14    110
15    106
16    102
17    95
18    90
19    85
20    80
21    76
22    71
23    68
24    66
25    66
26    64
27    60
28    57
29    56
30    53
31    52
32    51
33    45
34    44
35    44
36    44
37    44
38    42
39    42
40    41
41    40
42    40
43    40
44    40
45    40
46    40
47    40
48    40
49    40
50    40
51    40
52    40
53    39
54    38
55    38
56    38
57    38
58    37
59    37
60    37
61    37
62    37
63    37
64    36
65    36
66    36
67    36
68    36
69    36
70    35
71    35
72    34
73    34
74    34
75    34
76    34
77    34
78    32
79    32
80    32
81    32
82    32
83    32
84    32
85    32
86    32
87    32
88    32
89    32
90    32
91    32
92    32
93    32
94    32
95    32
96    31
97    31
98    31
99    31
100    31
101    31
102    31
103    31
104    31
105    31
106    31
107    31
108    31
109    31
110    31
111    31
112    31
113    31
114    31
115    31
116    31
117    29
118    29
119    29
120    29
121    28
122    28
123    28
124    28
125    28
126    28
127    28
128    28
129    28
130    28
131    28
132    28
133    28
134    28
135    28
136    28
137    28
138    28
139    28
140    28
141    28
142    28
143    28
144    28
145    28
146    28
147    28
148    28
149    28
150    28
151    28
152    28
153    28
154    28
155    28
156    28
157    28
158    28
159    28
160    28
161    28
162    28
163    28
164    28
165    28
166    28
167    28
168    28
169    28
170    28
171    28
172    28
173    28
174    28
175    28
176    28
177    26
178    26
179    26
180    26
181    26
182    26
183    25
184    25
185    25
186    25
187    23
188    23
189    23
190    22
191    22
192    22
193    22
194    22
195    22
196    22
197    21
198    21
199    21
200    21
201    21
202    21
203    21
204    21
205    21
206    20
207    19
208    18
209    18
210    18
211    17
212    15
213    15
214    15
215    15
216    15
217    14
218    14
219    14
220    14
221    14
222    13
223    13
224    13
225    13
226    13
227    13
228    13
229    13
230    13
231    13
232    13
233    13
234    13
235    13
236    13
237    13
238    13
239    13
240    13
241    13
242    13
243    13
244    12
245    12
246    12
247    12
248    12
249    12
250    12
251    12
252    12
253    12
254    12
255    12
256    12
257    12
258    12
259    12
260    12
261    12
262    12
263    12
264    12
265    12
266    12
267    12
268    12
269    12
270    12
271    12
272    12
273    12
274    12
275    12
276    12
277    12
278    12
279    12
280    12
281    12
282    12
283    12
284    12
285    12
286    12
287    12
288    12
289    12
290    12
291    12
292    12
293    12
294    12
295    12
296    12
297    12
298    12
299    12
300    12
301    12
302    12
303    12
304    12
305    12
306    12
307    12
308    12
309    12
310    12
311    12
312    12
313    12
314    12
315    12
316    12
317    12
318    12
319    12
320    12
321    12
322    12
323    12
324    12
325    11
326    11
327    11
328    11
329    11
330    11
331    11
332    11
333    11
334    11
335    11
336    11
337    11
338    11
339    11
340    11
341    11
342    11
343    11
344    11
345    11
346    11
347    11
348    10
349    10
350    10
351    10
352    10
353    10
354    10
355    10
356    10
357    10
358    10
359    10
360    10
361    10
362    10
363    10
364    10
365    10
366    10
367    10
368    10
369    10
370    10
371    10
372    10
373    10
374    10
375    10
376    10
377    10
378    10
379    10
380    10
381    10
382    10
383    10
384    10
385    10
386    10
387    10
388    10
389    10
390    10
391    10
392    10
393    10
394    10
395    10
396    10
397    10
398    10
399    10
400    10
401    10
402    10
403    10
404    10
405    10
406    10
407    10
408    10
409    10
410    10
411    10
412    10
413    10
414    10
415    10
416    10
417    10
418    9
419    9
420    9
421    9
422    9
423    8
424    8
425    8
426    8
427    8
428    8
429    8
430    8
431    8
432    8
433    8
434    8
435    8
436    8
437    8
438    7
439    7
440    7
441    7
442    7
443    7
444    7
445    7
446    7
447    7
448    7
449    7
450    7
451    7
452    7
453    7
454    7
455    7
456    7
457    7
458    6
459    6
460    6
461    6
462    6
463    6
464    6
465    6
466    6
467    6
468    6
469    6
470    6
471    6
472    6
473    6
474    6
475    6
476    6
477    6
478    6
479    6
480    6
481    6
482    6
483    6
484    6
485    6
486    6
487    6
488    6
489    6
490    6
491    6
492    6
493    6
494    6
495    6
496    6
497    6
498    6
499    6
500    6
501    6
502    6
503    6
504    6
505    6
506    6
507    6
508    6
509    6
510    6
511    6
512    6
513    6
514    6
515    6
516    6
517    6
518    6
519    6
520    6
521    6
522    6
523    6
524    6
525    6
526    6
527    6
528    6
529    6
530    6
531    6
532    6
533    6
534    6
535    6
536    6
537    6
538    6
539    6
540    6
541    6
542    6
543    6
544    6
545    6
546    6
547    6
548    6
549    6
550    6
551    6
552    6
553    6
554    6
555    6
556    6
557    6
558    6
559    6
560    6
561    6
562    6
563    6
564    6
565    6
566    6
567    6
568    6
569    6
570    6
571    6
572    6
573    6
574    6
575    6
576    6
577    6
578    6
579    6
580    6
581    6
582    6
583    6
584    6
585    6
586    6
587    6
588    6
589    6
590    6
591    6
592    6
593    6
594    6
595    6
596    6
597    6
598    6
599    6
600    6
601    6
602    6
603    6
604    6
605    6
606    6
607    6
608    6
609    6
610    6
611    6
612    6
613    6
614    6
615    6
616    6
617    6
618    6
619    6
620    6
621    6
622    6
623    6
624    6
625    6
626    6
627    6
628    6
629    6
630    6
631    5
632    5
633    5
634    5
635    5
636    5
637    5
638    5
639    5
640    5
641    5
642    5
643    5
644    5
645    5
646    5
647    5
648    5
649    5
650    5
651    5
652    5
653    5
654    5
655    5
656    5
657    5
658    5
659    5
660    5
661    5
662    5
663    5
664    5
665    5
666    5
667    5
668    5
669    5
670    5
671    5
672    5
673    5
674    5
675    5
676    5
677    5
678    5
679    5
680    5
681    5
682    5
683    5
684    5
685    5
686    5
687    5
688    5
689    5
690    5
691    5
692    5
693    5
694    5
695    5
696    5
697    5
698    5
699    5
700    5
701    5
702    5
703    5
704    5
705    5
706    5
707    5
708    5
709    5
710    5
711    5
712    5
713    5
714    5
715    5
716    5
717    5
718    5
719    5
720    5
721    5
722    5
723    5
724    5
725    5
726    5
727    5
728    5
729    5
730    5
731    5
732    5
733    5
734    5
735    5
736    5
737    5
738    5
739    5
740    5
741    5
742    5
743    5
744    5
745    5
746    5
747    5
748    5
749    5
750    5
751    5
752    5
753    5
754    5
755    5
756    5
757    5
758    5
759    5
760    5
761    5
762    5
763    5
764    5
765    5
766    5
767    5
768    5
769    5
770    5
771    5
772    5
773    5
774    5
775    5
776    5
777    5
778    5
779    5
780    5
781    5
782    5
783    5
784    5
785    5
786    5
787    5
788    5
789    5
790    5
791    5
792    5
793    5
794    5
795    5
796    5
797    5
798    5
799    5
800    5
801    5
802    5
803    5
804    5
805    5
806    5
807    5
808    5
809    5
810    5
811    5
812    5
813    5
814    5
815    5
816    5
817    5
818    5
819    5
820    5
821    5
822    5
823    5
824    5
825    5
826    5
827    5
828    5
829    5
830    5
831    5
832    5
833    5
834    5
835    5
836    5
837    5
838    5
839    5
840    5
841    5
842    5
843    5
844    5
845    5
846    5
847    5
848    5
849    5
850    5
851    4
852    4
853    4
854    4
855    4
856    4
857    4
858    4
859    4
860    4
861    4
862    4
863    4
864    4
865    4
866    4
867    4
868    4
869    4
870    4
871    4
872    4
873    4
874    4
875    4
876    4
877    4
878    4
879    4
880    4
881    4
882    4
883    4
884    4
885    4
886    4
887    4
888    4
889    4
890    4
891    4
892    4
893    4
894    4
895    4
896    4
897    4
898    4
899    4
900    4
901    4
902    4
903    4
904    4
905    4
906    4
907    4
908    4
909    4
910    4
911    4
912    4
913    4
914    4
915    4
916    4
917    4
918    4
919    4
920    4
921    4
922    4
923    4
924    4
925    4
926    4
927    4
928    4
929    4
930    4
931    4
932    4
933    4
934    4
935    4
936    4
937    4
938    4
939    4
940    4
941    4
942    4
943    4
944    4
945    4
946    4
947    4
948    4
949    4
950    4
951    4
952    4
953    4
954    4
955    4
956    4
957    4
958    4
959    4
960    4
961    4
962    4
963    4
964    4
965    4
966    4
967    4
968    4
969    4
970    4
971    4
972    4
973    4
974    4
975    4
976    4
977    4
978    4
979    4
980    4
981    4
982    3
983    3
984    3
985    3
986    3
987    3
988    3
989    3
990    3
991    3
992    3
993    3
994    3
995    3
996    3
997    3
998    3
999    3
1000    3
1001    3
1002    3
1003    3
1004    3
1005    3
1006    3
1007    3
1008    3
1009    3
1010    3
1011    3
1012    3
1013    3
1014    3
1015    3
1016    3
1017    3
1018    3
1019    3
1020    3
1021    3
1022    3
1023    3
1024    3
1025    3
1026    3
1027    3
1028    3
1029    3
1030    3
1031    3
1032    3
1033    3
1034    3
1035    3
1036    3
1037    3
1038    3
1039    3
1040    3
1041    3
1042    3
1043    3
1044    3
1045    3
1046    3
1047    3
1048    3
1049    3
1050    3
1051    3
1052    3
1053    3
1054    3
1055    3
1056    3
1057    3
1058    3
1059    3
1060    3
1061    3
1062    3
1063    3
1064    3
1065    3
1066    3
1067    3
1068    3
1069    3
1070    3
1071    3
1072    3
1073    3
1074    3
1075    3
1076    3
1077    3
1078    3
1079    3
1080    3
1081    3
1082    3
1083    3
1084    3
1085    3
1086    3
1087    3
1088    3
1089    3
1090    3
1091    3
1092    3
1093    3
1094    3
1095    3
1096    3
1097    3
1098    3
1099    3
1100    3
1101    3
1102    3
1103    3
1104    3
1105    3
1106    3
1107    3
1108    3
1109    3
1110    3
1111    3
1112    3
1113    3
1114    3
1115    3
1116    3
1117    3
1118    3
1119    3
1120    3
1121    3
1122    3
1123    3
1124    3
1125    3
1126    3
1127    3
1128    3
1129    3
1130    3
1131    3
1132    3
1133    3
1134    3
1135    3
1136    3
1137    3
1138    3
1139    3
1140    3
1141    3
1142    3
1143    3
1144    3
1145    3
1146    3
1147    3
1148    3
1149    3
1150    3
1151    3
1152    3
1153    3
1154    3
1155    3
1156    3
1157    3
1158    3
1159    3
1160    3
1161    3
1162    3
1163    3
1164    3
1165    3
1166    3
1167    3
1168    3
1169    3
1170    3
1171    3
1172    3
1173    3
1174    3
1175    3
1176    3
1177    3
1178    3
1179    3
1180    3
1181    3
1182    3
1183    3
1184    3
1185    3
1186    3
1187    3
1188    3
1189    3
1190    3
1191    3
1192    3
1193    3
1194    3
1195    3
1196    3
1197    3
1198    3
1199    3
1200    3
1201    3
1202    3
1203    3
1204    3
1205    3
1206    3
1207    3
1208    3
1209    3
1210    3
1211    3
1212    3
1213    3
1214    3
1215    3
1216    3
1217    3
1218    3
1219    3
1220    3
1221    3
1222    3
1223    3
1224    3
1225    3
1226    3
1227    3
1228    3
1229    3
1230    3
1231    3
1232    3
1233    3
1234    3
1235    3
1236    3
1237    3
1238    3
1239    3
1240    3
1241    3
1242    3
1243    3
1244    3
1245    3
1246    3
1247    3
1248    3
1249    3
1250    3
1251    3
1252    3
1253    3
1254    3
1255    3
1256    3
1257    3
1258    3
1259    3
1260    3
1261    3
1262    3
1263    3
1264    3
1265    3
1266    3
1267    3
1268    3
1269    3
1270    3
1271    3
1272    3
1273    3
1274    3
1275    3
1276    3
1277    3
1278    3
1279    3
1280    3
1281    3
1282    3
1283    3
1284    3
1285    3
1286    3
1287    3
1288    3
1289    3
1290    3
1291    3
1292    3
1293    3
1294    3
1295    3
1296    3
1297    3
1298    3
1299    3
1300    3
1301    3
1302    3
1303    3
1304    3
1305    3
1306    3
1307    3
1308    3
1309    3
1310    3
1311    3
1312    3
1313    3
1314    3
1315    3
1316    3
1317    3
1318    3
1319    3
1320    3
1321    3
1322    3
1323    3
1324    3
1325    3
1326    3
1327    3
1328    3
1329    3
1330    3
1331    3
1332    3
1333    3
1334    3
1335    3
1336    3
1337    3
1338    3
1339    3
1340    3
1341    3
1342    3
1343    3
1344    3
1345    3
1346    3
1347    3
1348    3
1349    3
1350    3
1351    3
1352    3
1353    3
1354    3
1355    3
1356    3
1357    3
1358    3
1359    3
1360    3
1361    3
1362    3
1363    3
1364    3
1365    3
1366    3
1367    3
1368    3
1369    3
1370    3
1371    3
1372    3
1373    3
1374    3
1375    3
1376    3
1377    3
1378    3
1379    3
1380    3
1381    3
1382    3
1383    3
1384    3
1385    3
1386    3
1387    3
1388    3
1389    3
1390    3
1391    3
1392    3
1393    3
1394    3
1395    3
1396    3
1397    3
1398    3
1399    3
1400    3
1401    3
1402    3
1403    3
1404    2
1405    2
1406    2
1407    2
1408    2
1409    2
1410    2
1411    2
1412    2
1413    2
1414    2
1415    2
1416    2
1417    2
1418    2
1419    2
1420    2
1421    2
1422    2
1423    2
1424    2
1425    2
1426    2
1427    2
1428    2
1429    2
1430    2
1431    2
1432    2
1433    2
1434    2
1435    2
1436    2
1437    2
1438    2
1439    2
1440    2
1441    2
1442    2
1443    2
1444    2
1445    2
1446    2
1447    2
1448    2
1449    2
1450    2
1451    2
1452    2
1453    2
1454    2
1455    2
1456    2
1457    2
1458    2
1459    2
1460    2
1461    2
1462    2
1463    2
1464    2
1465    2
1466    2
1467    2
1468    2
1469    2
1470    2
1471    2
1472    2
1473    2
1474    2
1475    2
1476    2
1477    2
1478    2
1479    2
1480    2
1481    2
1482    2
1483    2
1484    2
1485    2
1486    2
1487    2
1488    2
1489    2
1490    2
1491    2
1492    2
1493    2
1494    2
1495    2
1496    2
1497    2
1498    2
1499    2
1500    2
1501    2
1502    2
1503    2
1504    2
1505    2
1506    2
1507    2
1508    2
1509    2
1510    2
1511    2
1512    2
1513    2
1514    2
1515    2
1516    2
1517    2
1518    2
1519    2
1520    2
1521    2
1522    2
1523    2
1524    2
1525    2
1526    2
1527    2
1528    2
1529    2
1530    2
1531    2
1532    2
1533    2
1534    2
1535    2
1536    2
1537    2
1538    2
1539    2
1540    2
1541    2
1542    2
1543    2
1544    2
1545    2
1546    2
1547    2
1548    2
1549    2
1550    2
1551    2
1552    2
1553    2
1554    2
1555    2
1556    2
1557    2
1558    2
1559    2
1560    2
1561    2
1562    2
1563    2
1564    2
1565    2
1566    2
1567    2
1568    2
1569    2
1570    2
1571    2
1572    2
1573    2
1574    2
1575    2
1576    2
1577    2
1578    2
1579    2
1580    2
1581    2
1582    2
1583    2
1584    2
1585    2
1586    2
1587    2
1588    2
1589    2
1590    2
1591    2
1592    2
1593    2
1594    2
1595    2
1596    2
1597    2
1598    2
1599    2
1600    2
1601    2
1602    2
1603    2
1604    2
1605    2
1606    2
1607    2
1608    2
1609    2
1610    2
1611    2
1612    2
1613    2
1614    2
1615    2
1616    2
1617    2
1618    2
1619    2
1620    2
1621    2
1622    2
1623    2
1624    2
1625    2
1626    2
1627    2
1628    2
1629    2
1630    2
1631    2
1632    2
1633    2
1634    2
1635    2
1636    2
1637    2
1638    2
1639    2
1640    2
1641    2
1642    2
1643    2
1644    2
1645    2
1646    2
1647    2
1648    2
1649    2
1650    2
1651    2
1652    2
1653    2
1654    2
1655    2
1656    2
1657    2
1658    2
1659    2
1660    2
1661    2
1662    2
1663    2
1664    2
1665    2
1666    2
1667    2
1668    2
1669    2
1670    2
1671    2
1672    2
1673    2
1674    2
1675    2
1676    2
1677    2
1678    2
1679    2
1680    2
1681    2
1682    2
1683    2
1684    2
1685    2
1686    2
1687    2
1688    2
1689    2
1690    2
1691    2
1692    2
1693    2
1694    2
1695    2
1696    2
1697    2
1698    2
1699    2
1700    2
1701    2
1702    2
1703    2
1704    2
1705    2
1706    2
1707    2
1708    2
1709    2
1710    2
1711    2
1712    2
1713    2
1714    2
1715    2
1716    2
1717    2
1718    2
1719    2
1720    2
1721    2
1722    2
1723    2
1724    2
1725    2
1726    2
1727    2
1728    2
1729    2
1730    2
1731    2
1732    2
1733    2
1734    2
1735    2
1736    2
1737    2
1738    2
1739    2
1740    2
1741    2
1742    2
1743    2
1744    2
1745    2
1746    2
1747    2
1748    2
1749    2
1750    2
1751    2
1752    2
1753    2
1754    2
1755    2
1756    2
1757    2
1758    2
1759    2
1760    2
1761    2
1762    2
1763    2
1764    2
1765    2
1766    2
1767    2
1768    2
1769    2
1770    2
1771    2
1772    2
1773    2
1774    2
1775    2
1776    2
1777    2
1778    2
1779    2
1780    2
1781    2
1782    2
1783    2
1784    2
1785    2
1786    2
1787    2
1788    2
1789    2
1790    2
1791    2
1792    2
1793    2
1794    2
1795    2
1796    2
1797    2
1798    2
1799    2
1800    2
1801    2
1802    2
1803    2
1804    2
1805    2
1806    2
1807    2
1808    2
1809    2
1810    2
1811    2
1812    2
1813    2
1814    2
1815    2
1816    2
1817    2
1818    2
1819    2
1820    2
1821    2
1822    2
1823    2
1824    2
1825    2
1826    2
1827    2
1828    2
1829    2
1830    2
1831    2
1832    2
1833    2
1834    2
1835    2
1836    2
1837    2
1838    2
1839    2
1840    2
1841    2
1842    2
1843    2
1844    2
1845    2
1846    2
1847    2
1848    2
1849    2
1850    2
1851    2
1852    2
1853    2
1854    2
1855    2
1856    2
1857    2
1858    2
1859    2
1860    2
1861    2
1862    2
1863    2
1864    2
1865    2
1866    2
1867    2
1868    2
1869    2
1870    2
1871    2
1872    2
1873    2
1874    2
1875    2
1876    2
1877    2
1878    2
1879    2
1880    2
1881    2
1882    2
1883    2
1884    2
1885    2
1886    2
1887    2
1888    2
1889    2
1890    2
1891    2
1892    2
1893    2
1894    2
1895    2
1896    2
1897    2
1898    2
1899    2
1900    2
1901    2
1902    2
1903    2
1904    2
1905    2
1906    2
1907    2
1908    2
1909    2
1910    2
1911    2
1912    2
1913    2
1914    2
1915    2
1916    2
1917    2
1918    2
1919    2
1920    2
1921    2
1922    2
1923    2
1924    2
1925    2
1926    2
1927    2
1928    2
1929    2
1930    2
1931    2
1932    2
1933    2
1934    2
1935    2
1936    2
1937    2
1938    2
1939    2
1940    2
1941    2
1942    2
1943    2
1944    2
1945    2
1946    2
1947    2
1948    2
1949    2
1950    2
1951    2
1952    2
1953    2
1954    2
1955    2
1956    2
1957    2
1958    2
1959    2
1960    2
1961    2
1962    2
1963    2
1964    2
1965    2
1966    2
1967    2
1968    2
1969    2
1970    2
1971    2
1972    2
1973    2
1974    2
1975    2
1976    2
1977    2
1978    2
1979    2
1980    2
1981    2
1982    2
1983    2
1984    2
1985    2
1986    2
1987    2
1988    2
1989    2
1990    2
1991    2
1992    2
1993    2
1994    2
1995    2
1996    2
1997    2
1998    2
1999    2
2000    2
2001    2
2002    2
2003    2
2004    2
2005    2
2006    2
2007    2
2008    2
2009    2
2010    2
2011    2
2012    2
2013    2
2014    2
2015    2
2016    2
2017    2
2018    2
2019    2
2020    2
2021    2
2022    2
2023    2
2024    2
2025    2
2026    2
2027    2
2028    2
2029    2
2030    2
2031    2
2032    2
2033    2
2034    2
2035    2
2036    2
2037    2
2038    2
2039    2
2040    2
2041    2
2042    2
2043    2
2044    2
2045    2
2046    2
2047    2
2048    2
2049    2
2050    2
2051    2
2052    2
2053    2
2054    2
2055    2
2056    2
2057    2
2058    2
2059    2
2060    2
2061    2
2062    2
2063    2
2064    2
2065    2
2066    2
2067    1
2068    1
2069    1
2070    1
2071    1
2072    1
2073    1
2074    1
2075    1
2076    1
2077    1
2078    1
2079    1
2080    1
2081    1
2082    1
2083    1
2084    1
2085    1
2086    1
2087    1
2088    1
2089    1
2090    1
2091    1
2092    1
2093    1
2094    1
2095    1
2096    1
2097    1
2098    1
2099    1
2100    1
2101    1
2102    1
2103    1
2104    1
2105    1
2106    1
2107    1
2108    1
2109    1
2110    1
2111    1
2112    1
2113    1
2114    1
2115    1
2116    1
2117    1
2118    1
2119    1
2120    1
2121    1
2122    1
2123    1
2124    1
2125    1
2126    1
2127    1
2128    1
2129    1
2130    1
2131    1
2132    1
2133    1
2134    1
2135    1
2136    1
2137    1
2138    1
2139    1
2140    1
2141    1
2142    1
2143    1
2144    1
2145    1
2146    1
2147    1
2148    1
2149    1
2150    1
2151    1
2152    1
2153    1
2154    1
2155    1
2156    1
2157    1
2158    1
2159    1
2160    1
2161    1
2162    1
2163    1
2164    1
2165    1
2166    1
2167    1
2168    1
2169    1
2170    1
2171    1
2172    1
2173    1
2174    1
2175    1
2176    1
2177    1
2178    1
2179    1
2180    1
2181    1
2182    1
2183    1
2184    1
2185    1
2186    1
2187    1
2188    1
2189    1
2190    1
2191    1
2192    1
2193    1
2194    1
2195    1
2196    1
2197    1
2198    1
2199    1
2200    1
2201    1
2202    1
2203    1
2204    1
2205    1
2206    1
2207    1
2208    1
2209    1
2210    1
2211    1
2212    1
2213    1
2214    1
2215    1
2216    1
2217    1
2218    1
2219    1
2220    1
2221    1
2222    1
2223    1
2224    1
2225    1
2226    1
2227    1
2228    1
2229    1
2230    1
2231    1
2232    1
2233    1
2234    1
2235    1
2236    1
2237    1
2238    1
2239    1
2240    1
2241    1
2242    1
2243    1
2244    1
2245    1
2246    1
2247    1
2248    1
2249    1
2250    1
2251    1
2252    1
2253    1
2254    1
2255    1
2256    1
2257    1
2258    1
2259    1
2260    1
2261    1
2262    1
2263    1
2264    1
2265    1
2266    1
2267    1
2268    1
2269    1
2270    1
2271    1
2272    1
2273    1
2274    1
2275    1
2276    1
2277    1
2278    1
2279    1
2280    1
2281    1
2282    1
2283    1
2284    1
2285    1
2286    1
2287    1
2288    1
2289    1
2290    1
2291    1
2292    1
2293    1
2294    1
2295    1
2296    1
2297    1
2298    1
2299    1
2300    1
2301    1
2302    1
2303    1
2304    1
2305    1
2306    1
2307    1
2308    1
2309    1
2310    1
2311    1
2312    1
2313    1
2314    1
2315    1
2316    1
2317    1
2318    1
2319    1
2320    1
2321    1
2322    1
2323    1
2324    1
2325    1
2326    1
2327    1
2328    1
2329    1
2330    1
2331    1
2332    1
2333    1
2334    1
2335    1
2336    1
2337    1
2338    1
2339    1
2340    1
2341    1
2342    1
2343    1
2344    1
2345    1
2346    1
2347    1
2348    1
2349    1
2350    1
2351    1
2352    1
2353    1
2354    1
2355    1
2356    1
2357    1
2358    1
2359    1
2360    1
2361    1
2362    1
2363    1
2364    1
2365    1
2366    1
2367    1
2368    1
2369    1
2370    1
2371    1
2372    1
2373    1
2374    1
2375    1
2376    1
2377    1
2378    1
2379    1
2380    1
2381    1
2382    1
2383    1
2384    1
2385    1
2386    1
2387    1
2388    1
2389    1
2390    1
2391    1
2392    1
2393    1
2394    1
2395    1
2396    1
2397    1
2398    1
2399    1
2400    1
2401    1
2402    1
2403    1
2404    1
2405    1
2406    1
2407    1
2408    1
2409    1
2410    1
2411    1
2412    1
2413    1
2414    1
2415    1
2416    1
2417    1
2418    1
2419    1
2420    1
2421    1
2422    1
2423    1
2424    1
2425    1
2426    1
2427    1
2428    1
2429    1
2430    1
2431    1
2432    1
2433    1
2434    1
2435    1
2436    1
2437    1
2438    1
2439    1
2440    1
2441    1
2442    1
2443    1
2444    1
2445    1
2446    1
2447    1
2448    1
2449    1
2450    1
2451    1
2452    1
2453    1
2454    1
2455    1
2456    1
2457    1
2458    1
2459    1
2460    1
2461    1
2462    1
2463    1
2464    1
2465    1
2466    1
2467    1
2468    1
2469    1
2470    1
2471    1
2472    1
2473    1
2474    1
2475    1
2476    1
2477    1
2478    1
2479    1
2480    1
2481    1
2482    1
2483    1
2484    1
2485    1
2486    1
2487    1
2488    1
2489    1
2490    1
2491    1
2492    1
2493    1
2494    1
2495    1
2496    1
2497    1
2498    1
2499    1
2500    1
2501    1
2502    1
2503    1
2504    1
2505    1
2506    1
2507    1
2508    1
2509    1
2510    1
2511    1
2512    1
2513    1
2514    1
2515    1
2516    1
2517    1
2518    1
2519    1
2520    1
2521    1
2522    1
2523    1
2524    1
2525    1
2526    1
2527    1
2528    1
2529    1
2530    1
2531    1
2532    1
2533    1
2534    1
2535    1
2536    1
2537    1
2538    1
2539    1
2540    1
2541    1
2542    1
2543    1
2544    1
2545    1
2546    1
2547    1
2548    1
2549    1
2550    1
2551    1
2552    1
2553    1
2554    1
2555    1
2556    1
2557    1
2558    1
2559    1
2560    1
2561    1
2562    1
2563    1
2564    1
2565    1
2566    1
2567    1
2568    1
2569    1
2570    1
2571    1
2572    1
2573    1
2574    1
2575    1
2576    1
2577    1
2578    1
2579    1
2580    1
2581    1
2582    1
2583    1
2584    1
2585    1
2586    1
2587    1
2588    1
2589    1
2590    1
2591    1
2592    1
2593    1
2594    1
2595    1
2596    1
2597    1
2598    1
2599    1
2600    1
2601    1
2602    1
2603    1
2604    1
2605    1
2606    1
2607    1
2608    1
2609    1
2610    1
2611    1
2612    1
2613    1
2614    1
2615    1
2616    1
2617    1
2618    1
2619    1
2620    1
2621    1
2622    1
2623    1
2624    1
2625    1
2626    1
2627    1
2628    1
2629    1
2630    1
2631    1
2632    1
2633    1
2634    1
2635    1
2636    1
2637    1
2638    1
2639    1
2640    1
2641    1
2642    1
2643    1
2644    1
2645    1
2646    1
2647    1
2648    1
2649    1
2650    1
2651    1
2652    1
2653    1
2654    1
2655    1
2656    1
2657    1
2658    1
2659    1
2660    1
2661    1
2662    1
2663    1
2664    1
2665    1
2666    1
2667    1
2668    1
2669    1
2670    1
2671    1
2672    1
2673    1
2674    1
2675    1
2676    1
2677    1
2678    1
2679    1
2680    1
2681    1
2682    1
2683    1
2684    1
2685    1
2686    1
2687    1
2688    1
2689    1
2690    1
2691    1
2692    1
2693    1
2694    1
2695    1
2696    1
2697    1
2698    1
2699    1
2700    1
2701    1
2702    1
2703    1
2704    1
2705    1
2706    1
2707    1
2708    1
2709    1
2710    1
2711    1
2712    1
2713    1
2714    1
2715    1
2716    1
2717    1
2718    1
2719    1
2720    1
2721    1
2722    1
2723    1
2724    1
2725    1
2726    1
2727    1
2728    1
2729    1
2730    1
2731    1
2732    1
2733    1
2734    1
2735    1
2736    1
2737    1
2738    1
2739    1
2740    1
2741    1
2742    1
2743    1
2744    1
2745    1
2746    1
2747    1
2748    1
2749    1
2750    1
2751    1
2752    1
2753    1
2754    1
2755    1
2756    1
2757    1
2758    1
2759    1
2760    1
2761    1
2762    1
2763    1
2764    1
2765    1
2766    1
2767    1
2768    1
2769    1
2770    1
2771    1
2772    1
2773    1
2774    1
2775    1
2776    1
2777    1
2778    1
2779    1
2780    1
2781    1
2782    1
2783    1
2784    1
2785    1
2786    1
2787    1
2788    1
2789    1
2790    1
2791    1
2792    1
2793    1
2794    1
2795    1
2796    1
2797    1
2798    1
2799    1
2800    1
2801    1
2802    1
2803    1
2804    1
2805    1
2806    1
2807    1
2808    1
2809    1
2810    1
2811    1
2812    1
2813    1
2814    1
2815    1
2816    1
2817    1
2818    1
2819    1
2820    1
2821    1
2822    1
2823    1
2824    1
2825    1
2826    1
2827    1
2828    1
2829    1
2830    1
2831    1
2832    1
2833    1
2834    1
2835    1
2836    1
2837    1
2838    1
2839    1
2840    1
2841    1
2842    1
2843    1
2844    1
2845    1
2846    1
2847    1
2848    1
2849    1
2850    1
2851    1
2852    1
2853    1
2854    1
2855    1
2856    1
2857    1
2858    1
2859    1
2860    1
2861    1
2862    1
2863    1
2864    1
2865    1
2866    1
2867    1
2868    1
2869    1
2870    1
2871    1
2872    1
2873    1
2874    1
2875    1
2876    1
2877    1
2878    1
2879    1
2880    1
2881    1
2882    1
2883    1
2884    1
2885    1
2886    1
2887    1
2888    1
2889    1
2890    1
2891    1
2892    1
2893    1
2894    1
2895    1
2896    1
2897    1
2898    1
2899    1
2900    1
2901    1
2902    1
2903    1
2904    1
2905    1
2906    1
2907    1
2908    1
2909    1
2910    1
2911    1
2912    1
2913    1
2914    1
2915    1
2916    1
2917    1
2918    1
2919    1
2920    1
2921    1
2922    1
2923    1
2924    1
2925    1
2926    1
2927    1
2928    1
2929    1
2930    1
2931    1
2932    1
2933    1
2934    1
2935    1
2936    1
2937    1
2938    1
2939    1
2940    1
2941    1
2942    1
2943    1
2944    1
2945    1
2946    1
2947    1
2948    1
2949    1
2950    1
2951    1
2952    1
2953    1
2954    1
2955    1
2956    1
2957    1
2958    1
2959    1
2960    1
2961    1
2962    1
2963    1
2964    1
2965    1
2966    1
2967    1
2968    1
2969    1
2970    1
2971    1
2972    1
2973    1
2974    1
2975    1
2976    1
2977    1
2978    1
2979    1
2980    1
2981    1
2982    1
2983    1
2984    1
2985    1
2986    1
2987    1
2988    1
2989    1
2990    1
2991    1
2992    1
2993    1
2994    1
2995    1
2996    1
2997    1
2998    1
2999    1
3000    1
3001    1
3002    1
3003    1
3004    1
3005    1
3006    1
3007    1
3008    1
3009    1
3010    1
3011    1
3012    1
3013    1
3014    1
3015    1
3016    1
3017    1
3018    1
3019    1
3020    1
3021    1
3022    1
3023    1
3024    1
3025    1
3026    1
3027    1
3028    1
3029    1
3030    1
3031    1
3032    1
3033    1
3034    1
3035    1
3036    1
3037    1
3038    1
3039    1
3040    1
3041    1
3042    1
3043    1
3044    1
3045    1
3046    1
3047    1
3048    1
3049    1
3050    1
3051    1
3052    1
3053    1
3054    1
3055    1
3056    1
3057    1
3058    1
3059    1
3060    1
3061    1
3062    1
3063    1
3064    1
3065    1
3066    1
3067    1
3068    1
3069    1
3070    1
3071    1
3072    1
3073    1
3074    1
3075    1
3076    1
3077    1
3078    1
3079    1
3080    1
3081    1
3082    1
3083    1
3084    1
3085    1
3086    1
3087    1
3088    1
3089    1
3090    1
3091    1
3092    1
3093    1
3094    1
3095    1
3096    1
3097    1
3098    1
3099    1
3100    1
3101    1
3102    1
3103    1
3104    1
3105    1
3106    1
3107    1
3108    1
3109    1
3110    1
3111    1
3112    1
3113    1
3114    1
3115    1
3116    1
3117    1
3118    1
3119    1
3120    1
3121    1
3122    1
3123    1
3124    1
3125    1
3126    1
3127    1
3128    1
3129    1
3130    1
3131    1
3132    1
3133    1
3134    1
3135    1
3136    1
3137    1
3138    1
3139    1
3140    1
3141    1
3142    1
3143    1
3144    1
3145    1
3146    1
3147    1
3148    1
3149    1
3150    1
3151    1
3152    1
3153    1
3154    1
3155    1
3156    1
3157    1
3158    1
3159    1
3160    1
3161    1
3162    1
3163    1
3164    1
3165    1
3166    1
3167    1
3168    1
3169    1
3170    1
3171    1
3172    1
3173    1
3174    1
3175    1
3176    1
3177    1
3178    1
3179    1
3180    1
3181    1
3182    1
3183    1
3184    1
3185    1
3186    1
3187    1
3188    1
3189    1
3190    1
3191    1
3192    1
3193    1
3194    1
3195    1
3196    1
3197    1
3198    1
3199    1
3200    1
3201    1
3202    1
3203    1
3204    1
3205    1
3206    1
3207    1
3208    1
3209    1
3210    1
3211    1
3212    1
3213    1
3214    1
3215    1
3216    1
3217    1
3218    1
3219    1
3220    1
3221    1
3222    1
3223    1
3224    1
3225    1
3226    1
3227    1
3228    1
3229    1
3230    1
3231    1
3232    1
3233    1
3234    1
3235    1
3236    1
3237    1
3238    1
3239    1
3240    1
3241    1
3242    1
3243    1
3244    1
3245    1
3246    1
3247    1
3248    1
3249    1
3250    1
3251    1
3252    1
3253    1
3254    1
3255    1
3256    1
3257    1
3258    1
3259    1
3260    1
3261    1
3262    1
3263    1
3264    1
3265    1
3266    1
3267    1
3268    1
3269    1
3270    1
3271    1
3272    1
3273    1
3274    1
3275    1
3276    1
3277    1
3278    1
3279    1
3280    1
3281    1
3282    1
3283    1
3284    1
3285    1
3286    1
3287    1
3288    1
3289    1
3290    1
3291    1
3292    1
3293    1
3294    1
3295    1
3296    1
3297    1
3298    1
3299    1
3300    1
3301    1
3302    1
3303    1
3304    1
3305    1
3306    1
3307    1
3308    1
3309    1
3310    1
3311    1
3312    1
3313    1
3314    1
3315    1
3316    1
3317    1
3318    1
3319    1
3320    1
3321    1
3322    1
3323    1
3324    1
3325    1
3326    1
3327    1
3328    1
3329    1
3330    1
3331    1
3332    1
3333    1
3334    1
3335    1
3336    1
3337    1
3338    1
3339    1
3340    1
3341    1
3342    1
3343    1
3344    1
3345    1
3346    1
3347    1
3348    1
3349    1
3350    1
3351    1
3352    1
3353    1
3354    1
3355    1
3356    1
3357    1
3358    1
3359    1
3360    1
3361    1
3362    1
3363    1
3364    1
3365    1
3366    1
3367    1
3368    1
3369    1
3370    1
3371    1
3372    1
3373    1
3374    1
3375    1
3376    1
3377    1
3378    1
3379    1
3380    1
3381    1
3382    1
3383    1
3384    1
3385    1
3386    1
3387    1
3388    1
3389    1
3390    1
3391    1
3392    1
3393    1
3394    1
3395    1
3396    1
3397    1
3398    1
3399    1
3400    1
3401    1
3402    1
3403    1
3404    1
3405    1
3406    1
3407    1
3408    1
3409    1
3410    1
3411    1
3412    1
3413    1
3414    1
3415    1
3416    1
3417    1
3418    1
3419    1
3420    1
3421    1
3422    1
3423    1
3424    1
3425    1
3426    1
3427    1
3428    1
3429    1
3430    1
3431    1
3432    1
3433    1
3434    1
3435    1
3436    1
3437    1
3438    1
3439    1
3440    1
3441    1
3442    1
3443    1
3444    1
3445    1
3446    1
3447    1
3448    1
3449    1
3450    1
3451    1
3452    1
3453    1
3454    1
3455    1
3456    1
3457    1
3458    1
3459    1
3460    1
3461    1
3462    1
3463    1
3464    1
3465    1
3466    1
3467    1
3468    1
3469    1
3470    1
3471    1
3472    1
3473    1
3474    1
3475    1
3476    1
3477    1
3478    1
3479    1
3480    1
3481    1
3482    1
3483    1
3484    1
3485    1
3486    1
3487    1
3488    1
3489    1
3490    1
3491    1
3492    1
3493    1
3494    1
3495    1
3496    1
3497    1
3498    1
3499    1
3500    1
3501    1
3502    1
3503    1
3504    1
3505    1
3506    1
3507    1
3508    1
3509    1
3510    1
3511    1
3512    1
3513    1
3514    1
3515    1
3516    1
3517    1
3518    1
3519    1
3520    1
3521    1
3522    1
3523    1
3524    1
3525    1
3526    1
3527    1
3528    1
3529    1
3530    1
3531    1
3532    1
3533    1
3534    1
3535    1
3536    1
3537    1
3538    1
3539    1
3540    1
3541    1
3542    1
3543    1
3544    1
3545    1
3546    1
3547    1
3548    1
3549    1
3550    1
3551    1
3552    1
3553    1
3554    1
3555    1
3556    1
3557    1
3558    1
3559    1
3560    1
3561    1
3562    1
3563    1
3564    1
3565    1
3566    1
3567    1
3568    1
3569    1
3570    1
3571    1
3572    1
3573    1
3574    1
3575    1
3576    1
3577    1
3578    1
3579    1
3580    1
3581    1
3582    1
3583    1
3584    1
3585    1
3586    1
3587    1
3588    1
3589    1
3590    1
3591    1
3592    1
3593    1
3594    1
3595    1
3596    1
3597    1
3598    1
3599    1
3600    1
3601    1
3602    1
3603    1
3604    1
3605    1
3606    1
3607    1
3608    1
3609    1
3610    1
3611    1
3612    1
3613    1
3614    1
3615    1
3616    1
3617    1
3618    1
3619    1
3620    1
3621    1
3622    1
3623    1
3624    1
3625    1
3626    1
3627    1
3628    1
3629    1
3630    1
3631    1
3632    1
3633    1
3634    1
3635    1
3636    1
3637    1
3638    1
3639    1
3640    1
3641    1
3642    1
3643    1
3644    1
3645    1
3646    1
3647    1
3648    1
3649    1
3650    1
3651    1
3652    1
3653    1
3654    1
3655    1
3656    1
3657    1
3658    1
3659    1
3660    1
3661    1
3662    1
3663    1
3664    1
3665    1
3666    1
3667    1
3668    1
3669    1
3670    1
3671    1
3672    1
3673    1
3674    1
3675    1
3676    1
3677    1
3678    1
3679    1
3680    1
3681    1
3682    1
3683    1
3684    1
3685    1
3686    1
3687    1
3688    1
3689    1
3690    1
3691    1
3692    1
3693    1
3694    1
3695    1
3696    1
3697    1
3698    1
3699    1
3700    1
3701    1
3702    1
3703    1
3704    1
3705    1
3706    1
3707    1
3708    1
3709    1
3710    1
3711    1
3712    1
3713    1
3714    1
3715    1
3716    1
3717    1
3718    1
3719    1
3720    1
3721    1
3722    1
3723    1
3724    1
3725    1
3726    1
3727    1
3728    1
3729    1
3730    1
3731    1
3732    1
3733    1
3734    1
3735    1
3736    1
3737    1
3738    1
3739    1
3740    1
3741    1
3742    1
3743    1
3744    1
3745    1
3746    1
3747    1
3748    1
3749    1
3750    1
3751    1
3752    1
3753    1
3754    1
3755    1
3756    1
3757    1
3758    1
3759    1
3760    1
3761    1
3762    1
3763    1
3764    1
3765    1
3766    1
3767    1
3768    1
3769    1
3770    1
3771    1
3772    1
3773    1
3774    1
3775    1
3776    1
3777    1
3778    1
3779    1
3780    1
3781    1
3782    1
3783    1
3784    1
3785    1
3786    1
3787    1
3788    1
3789    1
3790    1
3791    1
3792    1
3793    1
3794    1
3795    1
3796    1
3797    1
3798    1
3799    1
3800    1
3801    1
3802    1
3803    1
3804    1
3805    1
3806    1
3807    1
3808    1
3809    1
3810    1
3811    1
3812    1
3813    1
3814    1
3815    1
3816    1
3817    1
3818    1
3819    1
3820    1
3821    1
3822    1
3823    1
3824    1
3825    1
3826    1
3827    1
3828    1
3829    1
3830    1
3831    1
3832    1
3833    1
3834    1
3835    1
3836    1
3837    1
3838    1
3839    1
3840    1
3841    1
3842    1
3843    1
3844    1
3845    1
3846    1
3847    1
3848    1
3849    1
3850    1
3851    1
3852    1
3853    1
3854    1
3855    1
3856    1
3857    1
3858    1
3859    1
3860    1
3861    1
3862    1
3863    1
3864    1
3865    1
3866    1
3867    1
3868    1
3869    1
3870    1
3871    1
3872    1
3873    1
3874    1
3875    1
3876    1
3877    1
3878    1
3879    1
3880    1
3881    1
3882    1
3883    1
3884    1
3885    1
3886    1
3887    1
3888    1
3889    1
3890    1
3891    1
3892    1
3893    1
3894    1
3895    1
3896    1
3897    1
3898    1
3899    1
3900    1
3901    1
3902    1
3903    1
3904    1
3905    1
3906    1
3907    1
3908    1
3909    1
3910    1
3911    1
3912    1
3913    1
3914    1
3915    1
3916    1
3917    1
3918    1
3919    1
3920    1
3921    1
3922    1
3923    1
3924    1
3925    1
3926    1
3927    1
3928    1
3929    1
3930    1
3931    1
3932    1
3933    1
3934    1
3935    1
3936    1
3937    1
3938    1
3939    1
3940    1
3941    1
3942    1
3943    1
3944    1
3945    1
3946    1
3947    1
3948    1
3949    1
3950    1
3951    1
3952    1
3953    1
3954    1
3955    1
3956    1
3957    1
3958    1
3959    1
3960    1
3961    1
3962    1
3963    1
3964    1
3965    1
3966    1
3967    1
3968    1
3969    1
3970    1
3971    1
3972    1
3973    1
3974    1
3975    1
3976    1
3977    1
3978    1
3979    1
3980    1
3981    1
3982    1
3983    1
3984    1
3985    1
3986    1
3987    1
3988    1
3989    1
3990    1
3991    1
3992    1
3993    1
3994    1
3995    1
3996    1
3997    1
3998    1
3999    1
4000    1
4001    1
4002    1
4003    1
4004    1
4005    1
4006    1
4007    1
4008    1
4009    1
4010    1
4011    1
4012    1
4013    1
4014    1
4015    1
4016    1
4017    1
4018    1
4019    1
4020    1
4021    1
4022    1
4023    1
4024    1
4025    1
4026    1
4027    1
4028    1
4029    1
4030    1
4031    1
4032    1
4033    1
4034    1
4035    1
4036    1
4037    1
4038    1
4039    1
4040    1
4041    1
4042    1
4043    1
4044    1
4045    1
4046    1
4047    1
4048    1
4049    1
4050    1
4051    1
4052    1
4053    1
4054    1
4055    1
4056    1
4057    1
4058    1
4059    1
4060    1
4061    1
4062    1
4063    1
4064    1
4065    1
4066    1
4067    1
4068    1
4069    1
4070    1
4071    1
4072    1
4073    1
4074    1
4075    1
4076    1
4077    1
4078    1
4079    1
4080    1
4081    1
4082    1
4083    1
4084    1
4085    1
4086    1
4087    1
4088    1
4089    1
4090    1
4091    1
4092    1
4093    1
4094    1
4095    1
4096    1
4097    1
4098    1
4099    1
4100    1
4101    1
4102    1
4103    1
4104    1
4105    1
4106    1
4107    1
4108    1
4109    1
4110    1
4111    1
4112    1
4113    1
4114    1
4115    1
4116    1
4117    1
4118    1
4119    1
4120    1
4121    1
4122    1
4123    1
4124    1
4125    1
4126    1
4127    1
4128    1
4129    1
4130    1
4131    1
4132    1
4133    1
4134    1
4135    1
4136    1
4137    1
4138    1
4139    1
4140    1
4141    1
4142    1
4143    1
4144    1
4145    1
4146    1
4147    1
4148    1
4149    1
4150    1
4151    1
4152    1
4153    1
4154    1
4155    1
4156    1
4157    1
4158    1
4159    1
4160    1
4161    1
4162    1
4163    1
4164    1
4165    1
4166    1
4167    1
4168    1
4169    1
4170    1
4171    1
4172    1
4173    1
4174    1
4175    1
4176    1
4177    1
4178    1
4179    1
4180    1
4181    1
4182    1
4183    1
4184    1
4185    1
4186    1
4187    1
4188    1
4189    1
4190    1
4191    1
4192    1
4193    1
4194    1
4195    1
4196    1
4197    1
4198    1
4199    1
4200    1
4201    1
4202    1
4203    1
4204    1
4205    1
4206    1
4207    1
4208    1
4209    1
4210    1
4211    1
4212    1
4213    1
4214    1
4215    1
4216    1
4217    1
4218    1
4219    1
4220    1
4221    1
4222    1
4223    1
4224    1
4225    1
4226    1
4227    1
4228    1
4229    1
4230    1
4231    1
4232    1
4233    1
4234    1
4235    1
4236    1
4237    1
4238    1
4239    1
4240    1
4241    1
4242    1
4243    1
4244    1
4245    1
4246    1
4247    1
4248    1
4249    1
4250    1
4251    1
4252    1
4253    1
4254    1
4255    1
4256    1
4257    1
4258    1
4259    1
4260    1
4261    1
4262    1
4263    1
4264    1
4265    1
4266    1
4267    1
4268    1
4269    1
4270    1
4271    1
4272    1
4273    1
4274    1
4275    1
4276    1
4277    1
4278    1
4279    1
4280    1
4281    1
4282    1
4283    1
4284    1
4285    1
4286    1
4287    1
4288    1
4289    1
4290    1
4291    1
4292    1
4293    1
4294    1
4295    1
4296    1
4297    1
4298    1
4299    1
4300    1
4301    1
4302    1
4303    1
4304    1
4305    1
4306    1
4307    1
4308    1
4309    1
4310    1
4311    1
4312    1
4313    1
4314    1
4315    1
4316    1
4317    1
4318    1
4319    1
4320    1
4321    1
4322    1
4323    1
4324    1
4325    1
4326    1
4327    1
4328    1
4329    1
4330    1
4331    1
4332    1
4333    1
4334    1
4335    1
4336    1
4337    1
4338    1
4339    1
4340    1
4341    1
4342    1
4343    1
4344    1
4345    1
4346    1
4347    1
4348    1
4349    1
4350    1
4351    1
4352    1
4353    1
4354    1
4355    1
4356    1
4357    1
4358    1
4359    1
4360    1
4361    1
4362    1
4363    1
4364    1
4365    1
4366    1
4367    1
4368    1
4369    1
4370    1
4371    1
4372    1
4373    1
4374    1
4375    1
4376    1
4377    1
4378    1
4379    1
4380    1
4381    1
4382    1
4383    1
4384    1
4385    1
4386    1
4387    1
4388    1
4389    1
4390    1
4391    1
4392    1
4393    1
4394    1
4395    1
4396    1
4397    1
4398    1
4399    1
4400    1
4401    1
4402    1
4403    1
4404    1
4405    1
4406    1
4407    1
4408    1
4409    1
4410    1
4411    1
4412    1
4413    1
4414    1
4415    1
4416    1
4417    1
4418    1
4419    1
4420    1
4421    1
4422    1
4423    1
4424    1
4425    1
4426    1
4427    1
4428    1
4429    1
4430    1
4431    1
4432    1
4433    1
4434    1
4435    1
4436    1
4437    1
4438    1
4439    1
4440    1
4441    1
4442    1
4443    1
4444    1
4445    1
4446    1
4447    1
4448    1
4449    1
4450    1
4451    1
4452    1
4453    1
4454    1
4455    1
4456    1
4457    1
4458    1
4459    1
4460    1
4461    1
4462    1
4463    1
4464    1
4465    1
4466    1
4467    1
4468    1
4469    1
4470    1
4471    1
4472    1
4473    1
4474    1
4475    1
4476    1
4477    1
4478    1
4479    1
4480    1
4481    1
4482    1
4483    1
4484    1
4485    1
4486    1
4487    1
4488    1
4489    1
4490    1
4491    1
4492    1
4493    1
4494    1
4495    1
4496    1
4497    1
4498    1
4499    1
4500    1
4501    1
4502    1
4503    1
4504    1
4505    1
4506    1
4507    1
4508    1
4509    1
4510    1
4511    1
4512    1
4513    1
4514    1
4515    1
4516    1
4517    1
4518    1
4519    1
4520    1
4521    1
4522    1
4523    1
4524    1
4525    1
4526    1
4527    1
4528    1
4529    1
4530    1
4531    1
4532    1
4533    1
4534    1
4535    1
4536    1
4537    1
4538    1
4539    1
4540    1
4541    1
4542    1
4543    1
4544    1
4545    1
4546    1
4547    1
4548    1
4549    1
4550    1
4551    1
4552    1
4553    1
4554    1
4555    1
4556    1
4557    1
4558    1
4559    1
4560    1
4561    1
4562    1
4563    1
4564    1
4565    1
4566    1
4567    1
4568    1
4569    1
4570    1
4571    1
4572    1
4573    1
4574    1
4575    1
4576    1
4577    1
4578    1
4579    1
4580    1
4581    1
4582    1
4583    1
4584    1
4585    1
4586    1
4587    1
4588    1
4589    1
4590    1
4591    1
4592    1
4593    0
4594    0
4595    0
4596    0
4597    0
4598    0
4599    0
4600    0
4601    0
4602    0
4603    0
4604    0
4605    0
4606    0
4607    0
4608    0
4609    0
4610    0
4611    0
4612    0
4613    0
4614    0
4615    0
4616    0
4617    0
4618    0
4619    0
4620    0
4621    0
4622    0
4623    0
4624    0
4625    0
4626    0
4627    0
4628    0
4629    0
4630    0
4631    0
4632    0
4633    0
4634    0
4635    0
4636    0
4637    0
4638    0
4639    0
4640    0
4641    0
4642    0
4643    0
4644    0
4645    0
4646    0
4647    0
4648    0
4649    0
4650    0
4651    0
4652    0
4653    0
4654    0
4655    0
4656    0
4657    0
4658    0
4659    0
4660    0
4661    0
4662    0
4663    0
4664    0
4665    0
4666    0
4667    0
4668    0
4669    0
4670    0
4671    0
4672    0
4673    0
4674    0
4675    0
4676    0
4677    0
4678    0
4679    0
4680    0
4681    0
4682    0
4683    0
4684    0
4685    0
4686    0
4687    0
4688    0
4689    0
4690    0
4691    0
4692    0
4693    0
4694    0
4695    0
4696    0
4697    0
4698    0
4699    0
4700    0
4701    0
4702    0
4703    0
4704    0
4705    0
4706    0
4707    0
4708    0
4709    0
4710    0
4711    0
4712    0
4713    0
4714    0
4715    0
4716    0
4717    0
4718    0
4719    0
4720    0
4721    0
4722    0
4723    0
4724    0
4725    0
4726    0
4727    0
4728    0
4729    0
4730    0
4731    0
4732    0
4733    0
4734    0
4735    0
4736    0
4737    0
4738    0
4739    0
4740    0
4741    0
4742    0
4743    0
4744    0
4745    0
4746    0
4747    0
4748    0
4749    0
4750    0
4751    0
4752    0
4753    0
4754    0
4755    0
4756    0
4757    0
4758    0
4759    0
4760    0
4761    0
4762    0
4763    0
4764    0
4765    0
4766    0
4767    0
4768    0
4769    0
4770    0
4771    0
4772    0
4773    0
4774    0
4775    0
4776    0
4777    0
4778    0
4779    0
4780    0
4781    0
4782    0
4783    0
4784    0
4785    0
4786    0
4787    0
4788    0
4789    0
4790    0
4791    0
4792    0
4793    0
4794    0
4795    0
4796    0
4797    0
4798    0
4799    0
4800    0
4801    0
4802    0
4803    0
4804    0
4805    0
4806    0
4807    0
4808    0
4809    0
4810    0
4811    0
4812    0
4813    0
4814    0
4815    0
4816    0
4817    0
4818    0
4819    0
4820    0
4821    0
4822    0
4823    0
4824    0
4825    0
4826    0
4827    0
4828    0
4829    0
4830    0
4831    0
4832    0
4833    0
4834    0
4835    0
4836    0
4837    0
4838    0
4839    0
4840    0
4841    0
4842    0
4843    0
4844    0
4845    0
4846    0
4847    0
4848    0
4849    0
4850    0
4851    0
4852    0
4853    0
4854    0
4855    0
4856    0
4857    0
4858    0
4859    0
4860    0
4861    0
4862    0
4863    0
4864    0
4865    0
4866    0
4867    0
4868    0
4869    0
4870    0
4871    0
4872    0
4873    0
4874    0
4875    0
4876    0
