2    338
3    226
4    174
5    161
6    141
7    132
8    124
9    118
10    114
11    110
12    102
13    98
14    92
15    88
16    80
17    76
18    68
19    66
20    63
21    60
22    55
23    53
24    52
25    51
26    51
27    49
28    48
29    47
30    47
31    47
32    46
33    45
34    45
35    44
36    44
37    43
38    43
39    43
40    43
41    43
42    43
43    43
44    43
45    43
46    42
47    41
48    40
49    40
50    40
51    40
52    40
53    40
54    40
55    39
56    39
57    38
58    37
59    37
60    37
61    37
62    37
63    37
64    37
65    36
66    36
67    36
68    36
69    35
70    35
71    35
72    35
73    35
74    35
75    35
76    35
77    35
78    35
79    35
80    35
81    35
82    35
83    35
84    34
85    34
86    34
87    34
88    34
89    33
90    33
91    33
92    33
93    33
94    33
95    33
96    33
97    33
98    32
99    32
100    32
101    32
102    32
103    32
104    32
105    32
106    32
107    32
108    31
109    31
110    31
111    31
112    31
113    31
114    31
115    31
116    31
117    31
118    31
119    30
120    30
121    30
122    30
123    30
124    30
125    30
126    30
127    30
128    30
129    30
130    30
131    30
132    30
133    30
134    30
135    30
136    30
137    30
138    30
139    30
140    30
141    30
142    30
143    30
144    30
145    30
146    30
147    30
148    30
149    30
150    30
151    30
152    30
153    30
154    30
155    30
156    30
157    30
158    30
159    30
160    30
161    30
162    30
163    30
164    30
165    30
166    30
167    30
168    30
169    30
170    30
171    30
172    29
173    29
174    29
175    29
176    29
177    29
178    29
179    29
180    29
181    29
182    29
183    29
184    29
185    29
186    29
187    29
188    29
189    29
190    29
191    29
192    29
193    29
194    29
195    29
196    29
197    29
198    29
199    29
200    29
201    29
202    29
203    29
204    29
205    29
206    29
207    29
208    29
209    29
210    29
211    29
212    29
213    29
214    29
215    29
216    29
217    29
218    29
219    29
220    29
221    29
222    29
223    29
224    29
225    29
226    29
227    29
228    29
229    29
230    29
231    29
232    29
233    29
234    29
235    29
236    29
237    29
238    28
239    28
240    28
241    28
242    27
243    26
244    25
245    24
246    24
247    24
248    24
249    24
250    23
251    23
252    22
253    22
254    22
255    22
256    22
257    21
258    21
259    21
260    20
261    20
262    20
263    19
264    18
265    18
266    18
267    18
268    18
269    16
270    16
271    16
272    16
273    16
274    15
275    15
276    14
277    14
278    13
279    13
280    13
281    13
282    13
283    13
284    13
285    13
286    13
287    13
288    13
289    13
290    13
291    13
292    13
293    13
294    13
295    13
296    13
297    13
298    12
299    12
300    12
301    12
302    12
303    12
304    12
305    12
306    12
307    12
308    12
309    12
310    11
311    11
312    11
313    11
314    11
315    11
316    11
317    11
318    11
319    11
320    11
321    11
322    11
323    11
324    11
325    11
326    11
327    11
328    11
329    11
330    11
331    11
332    11
333    11
334    11
335    11
336    11
337    11
338    11
339    11
340    11
341    11
342    11
343    10
344    10
345    10
346    10
347    10
348    10
349    10
350    10
351    10
352    10
353    10
354    10
355    10
356    10
357    10
358    10
359    10
360    10
361    10
362    10
363    10
364    10
365    10
366    10
367    10
368    10
369    10
370    10
371    10
372    10
373    10
374    10
375    9
376    9
377    9
378    9
379    9
380    9
381    9
382    9
383    9
384    9
385    9
386    9
387    9
388    9
389    9
390    9
391    9
392    9
393    9
394    9
395    9
396    9
397    9
398    9
399    9
400    9
401    9
402    9
403    9
404    9
405    9
406    9
407    9
408    9
409    9
410    9
411    9
412    9
413    9
414    9
415    9
416    9
417    9
418    9
419    9
420    9
421    9
422    9
423    9
424    9
425    9
426    9
427    9
428    9
429    9
430    9
431    9
432    9
433    9
434    9
435    9
436    9
437    9
438    9
439    9
440    9
441    9
442    9
443    9
444    9
445    9
446    9
447    9
448    9
449    9
450    9
451    9
452    9
453    9
454    9
455    9
456    9
457    9
458    9
459    9
460    9
461    9
462    9
463    9
464    9
465    9
466    9
467    9
468    9
469    9
470    9
471    9
472    9
473    9
474    9
475    9
476    9
477    9
478    9
479    9
480    9
481    9
482    9
483    9
484    9
485    9
486    9
487    9
488    9
489    9
490    9
491    9
492    9
493    9
494    9
495    9
496    8
497    8
498    8
499    8
500    8
501    8
502    8
503    8
504    8
505    8
506    8
507    8
508    8
509    8
510    8
511    8
512    8
513    8
514    8
515    8
516    8
517    8
518    8
519    8
520    8
521    8
522    8
523    8
524    8
525    8
526    8
527    8
528    8
529    8
530    8
531    8
532    8
533    8
534    8
535    8
536    8
537    8
538    8
539    8
540    8
541    8
542    8
543    8
544    8
545    8
546    8
547    8
548    8
549    8
550    8
551    8
552    8
553    8
554    8
555    8
556    8
557    8
558    8
559    8
560    8
561    8
562    8
563    8
564    8
565    8
566    8
567    8
568    8
569    8
570    8
571    8
572    8
573    8
574    8
575    8
576    8
577    8
578    8
579    8
580    8
581    8
582    8
583    8
584    8
585    8
586    8
587    8
588    8
589    8
590    8
591    8
592    8
593    8
594    8
595    8
596    8
597    8
598    8
599    8
600    8
601    8
602    8
603    8
604    8
605    8
606    8
607    8
608    8
609    8
610    8
611    8
612    8
613    8
614    8
615    8
616    8
617    8
618    8
619    8
620    8
621    8
622    8
623    8
624    8
625    8
626    8
627    8
628    8
629    8
630    8
631    8
632    8
633    8
634    8
635    8
636    8
637    8
638    8
639    8
640    8
641    8
642    8
643    8
644    8
645    8
646    8
647    8
648    8
649    8
650    7
651    7
652    7
653    7
654    7
655    7
656    7
657    7
658    7
659    7
660    7
661    7
662    7
663    7
664    7
665    7
666    7
667    7
668    7
669    7
670    7
671    7
672    7
673    7
674    7
675    7
676    7
677    7
678    7
679    7
680    7
681    7
682    7
683    7
684    7
685    7
686    7
687    7
688    7
689    7
690    7
691    7
692    6
693    6
694    6
695    6
696    6
697    5
698    5
699    5
700    5
701    5
702    5
703    5
704    5
705    5
706    5
707    5
708    5
709    5
710    5
711    5
712    5
713    5
714    5
715    5
716    5
717    5
718    5
719    5
720    5
721    5
722    5
723    5
724    5
725    5
726    5
727    5
728    5
729    5
730    5
731    5
732    5
733    5
734    5
735    5
736    5
737    5
738    5
739    5
740    5
741    5
742    5
743    5
744    5
745    5
746    5
747    5
748    5
749    5
750    5
751    5
752    5
753    5
754    5
755    5
756    5
757    5
758    5
759    5
760    5
761    5
762    5
763    5
764    5
765    5
766    5
767    5
768    5
769    5
770    5
771    5
772    5
773    5
774    5
775    5
776    5
777    5
778    5
779    5
780    5
781    5
782    5
783    5
784    5
785    5
786    5
787    5
788    5
789    5
790    5
791    5
792    5
793    5
794    5
795    5
796    5
797    5
798    5
799    5
800    4
801    4
802    4
803    4
804    4
805    4
806    4
807    4
808    4
809    4
810    4
811    4
812    4
813    4
814    4
815    4
816    4
817    4
818    4
819    4
820    4
821    4
822    4
823    4
824    4
825    4
826    4
827    4
828    4
829    4
830    4
831    4
832    4
833    4
834    4
835    4
836    4
837    4
838    4
839    4
840    4
841    4
842    4
843    4
844    4
845    4
846    4
847    4
848    4
849    4
850    4
851    4
852    4
853    4
854    4
855    4
856    4
857    4
858    4
859    4
860    4
861    4
862    4
863    4
864    4
865    4
866    4
867    4
868    4
869    4
870    4
871    4
872    4
873    4
874    4
875    4
876    4
877    4
878    4
879    4
880    4
881    4
882    4
883    4
884    4
885    4
886    4
887    4
888    4
889    4
890    4
891    4
892    4
893    4
894    4
895    4
896    4
897    4
898    4
899    4
900    4
901    4
902    4
903    4
904    4
905    4
906    4
907    4
908    4
909    4
910    4
911    4
912    4
913    4
914    4
915    4
916    4
917    4
918    4
919    4
920    4
921    4
922    4
923    4
924    4
925    4
926    4
927    4
928    4
929    4
930    4
931    4
932    4
933    4
934    4
935    4
936    4
937    4
938    4
939    4
940    4
941    4
942    3
943    3
944    3
945    3
946    3
947    3
948    3
949    3
950    3
951    3
952    3
953    3
954    3
955    3
956    3
957    3
958    3
959    3
960    3
961    3
962    3
963    3
964    3
965    3
966    3
967    3
968    3
969    3
970    3
971    3
972    3
973    3
974    3
975    3
976    3
977    3
978    3
979    3
980    3
981    3
982    3
983    3
984    3
985    3
986    3
987    3
988    3
989    3
990    3
991    3
992    3
993    3
994    3
995    3
996    3
997    3
998    3
999    3
1000    3
1001    3
1002    3
1003    3
1004    3
1005    3
1006    3
1007    3
1008    3
1009    3
1010    3
1011    3
1012    3
1013    3
1014    3
1015    3
1016    3
1017    3
1018    3
1019    3
1020    3
1021    3
1022    3
1023    3
1024    3
1025    3
1026    3
1027    3
1028    3
1029    3
1030    3
1031    3
1032    3
1033    3
1034    3
1035    3
1036    3
1037    3
1038    3
1039    3
1040    3
1041    3
1042    3
1043    3
1044    3
1045    3
1046    3
1047    3
1048    3
1049    3
1050    3
1051    3
1052    3
1053    3
1054    3
1055    3
1056    3
1057    3
1058    3
1059    3
1060    3
1061    3
1062    3
1063    3
1064    3
1065    3
1066    3
1067    3
1068    3
1069    3
1070    3
1071    3
1072    3
1073    3
1074    3
1075    3
1076    3
1077    3
1078    3
1079    3
1080    3
1081    3
1082    3
1083    3
1084    3
1085    3
1086    3
1087    3
1088    3
1089    3
1090    3
1091    3
1092    3
1093    3
1094    3
1095    3
1096    3
1097    3
1098    3
1099    3
1100    3
1101    3
1102    3
1103    3
1104    3
1105    3
1106    3
1107    3
1108    3
1109    3
1110    3
1111    3
1112    3
1113    3
1114    3
1115    3
1116    3
1117    3
1118    3
1119    3
1120    3
1121    3
1122    3
1123    3
1124    3
1125    3
1126    3
1127    3
1128    3
1129    3
1130    3
1131    3
1132    3
1133    3
1134    3
1135    3
1136    3
1137    3
1138    3
1139    3
1140    3
1141    3
1142    3
1143    3
1144    3
1145    3
1146    3
1147    3
1148    3
1149    3
1150    3
1151    3
1152    3
1153    3
1154    3
1155    3
1156    3
1157    3
1158    3
1159    3
1160    3
1161    3
1162    3
1163    3
1164    3
1165    3
1166    3
1167    3
1168    3
1169    3
1170    3
1171    3
1172    3
1173    3
1174    3
1175    3
1176    3
1177    3
1178    3
1179    3
1180    3
1181    3
1182    3
1183    3
1184    3
1185    3
1186    3
1187    3
1188    3
1189    3
1190    3
1191    3
1192    3
1193    3
1194    3
1195    3
1196    3
1197    3
1198    3
1199    3
1200    3
1201    3
1202    3
1203    3
1204    3
1205    3
1206    3
1207    3
1208    3
1209    3
1210    3
1211    3
1212    3
1213    3
1214    3
1215    3
1216    3
1217    3
1218    3
1219    3
1220    3
1221    3
1222    3
1223    3
1224    3
1225    3
1226    3
1227    3
1228    3
1229    3
1230    3
1231    3
1232    3
1233    3
1234    3
1235    3
1236    3
1237    3
1238    3
1239    3
1240    3
1241    3
1242    3
1243    3
1244    3
1245    3
1246    3
1247    3
1248    3
1249    3
1250    3
1251    3
1252    3
1253    3
1254    3
1255    3
1256    3
1257    3
1258    3
1259    3
1260    3
1261    3
1262    3
1263    3
1264    3
1265    3
1266    3
1267    3
1268    3
1269    3
1270    3
1271    3
1272    3
1273    3
1274    3
1275    3
1276    3
1277    3
1278    3
1279    3
1280    3
1281    3
1282    3
1283    3
1284    3
1285    3
1286    3
1287    3
1288    3
1289    3
1290    3
1291    3
1292    3
1293    3
1294    3
1295    3
1296    3
1297    3
1298    3
1299    3
1300    3
1301    3
1302    3
1303    3
1304    3
1305    3
1306    3
1307    3
1308    3
1309    3
1310    3
1311    3
1312    3
1313    3
1314    3
1315    3
1316    3
1317    3
1318    3
1319    3
1320    3
1321    3
1322    3
1323    3
1324    3
1325    3
1326    3
1327    3
1328    3
1329    3
1330    3
1331    3
1332    3
1333    3
1334    3
1335    3
1336    3
1337    3
1338    3
1339    3
1340    3
1341    3
1342    3
1343    3
1344    3
1345    3
1346    3
1347    3
1348    3
1349    3
1350    3
1351    3
1352    3
1353    3
1354    3
1355    3
1356    3
1357    3
1358    3
1359    3
1360    3
1361    3
1362    3
1363    3
1364    3
1365    3
1366    3
1367    3
1368    3
1369    3
1370    3
1371    3
1372    3
1373    3
1374    3
1375    3
1376    3
1377    3
1378    3
1379    3
1380    3
1381    3
1382    3
1383    3
1384    3
1385    3
1386    3
1387    3
1388    3
1389    3
1390    3
1391    3
1392    3
1393    3
1394    3
1395    3
1396    3
1397    3
1398    3
1399    3
1400    3
1401    3
1402    3
1403    3
1404    3
1405    3
1406    3
1407    3
1408    3
1409    3
1410    3
1411    3
1412    3
1413    3
1414    3
1415    3
1416    3
1417    3
1418    3
1419    3
1420    3
1421    3
1422    3
1423    3
1424    3
1425    3
1426    3
1427    3
1428    3
1429    3
1430    3
1431    3
1432    3
1433    3
1434    3
1435    3
1436    3
1437    3
1438    3
1439    3
1440    3
1441    3
1442    3
1443    3
1444    3
1445    3
1446    3
1447    3
1448    3
1449    3
1450    3
1451    3
1452    3
1453    3
1454    3
1455    3
1456    3
1457    3
1458    3
1459    3
1460    3
1461    3
1462    3
1463    3
1464    3
1465    3
1466    3
1467    3
1468    3
1469    3
1470    3
1471    3
1472    3
1473    3
1474    3
1475    3
1476    3
1477    3
1478    3
1479    3
1480    3
1481    3
1482    3
1483    3
1484    3
1485    3
1486    3
1487    3
1488    3
1489    3
1490    3
1491    3
1492    3
1493    3
1494    3
1495    3
1496    3
1497    3
1498    3
1499    3
1500    3
1501    3
1502    3
1503    3
1504    3
1505    3
1506    3
1507    3
1508    3
1509    3
1510    3
1511    3
1512    3
1513    3
1514    3
1515    3
1516    3
1517    3
1518    3
1519    3
1520    3
1521    3
1522    3
1523    3
1524    3
1525    3
1526    3
1527    3
1528    3
1529    3
1530    3
1531    3
1532    3
1533    3
1534    3
1535    3
1536    3
1537    3
1538    3
1539    3
1540    3
1541    3
1542    3
1543    3
1544    3
1545    3
1546    3
1547    3
1548    3
1549    3
1550    3
1551    3
1552    3
1553    3
1554    3
1555    3
1556    3
1557    3
1558    3
1559    3
1560    3
1561    3
1562    3
1563    3
1564    3
1565    3
1566    3
1567    3
1568    3
1569    3
1570    3
1571    3
1572    3
1573    3
1574    3
1575    3
1576    3
1577    3
1578    3
1579    3
1580    3
1581    3
1582    3
1583    3
1584    3
1585    3
1586    3
1587    3
1588    3
1589    3
1590    3
1591    3
1592    3
1593    3
1594    3
1595    3
1596    3
1597    3
1598    3
1599    3
1600    3
1601    3
1602    3
1603    3
1604    3
1605    3
1606    3
1607    3
1608    3
1609    3
1610    3
1611    3
1612    3
1613    3
1614    3
1615    3
1616    3
1617    3
1618    3
1619    3
1620    3
1621    3
1622    3
1623    3
1624    3
1625    3
1626    3
1627    3
1628    3
1629    3
1630    3
1631    3
1632    3
1633    3
1634    3
1635    3
1636    3
1637    3
1638    3
1639    3
1640    3
1641    3
1642    3
1643    3
1644    3
1645    3
1646    3
1647    3
1648    3
1649    3
1650    3
1651    3
1652    2
1653    2
1654    2
1655    2
1656    2
1657    2
1658    2
1659    2
1660    2
1661    2
1662    2
1663    2
1664    2
1665    2
1666    2
1667    2
1668    2
1669    2
1670    2
1671    2
1672    2
1673    2
1674    2
1675    2
1676    2
1677    2
1678    2
1679    2
1680    2
1681    2
1682    2
1683    2
1684    2
1685    2
1686    2
1687    2
1688    2
1689    2
1690    2
1691    2
1692    2
1693    2
1694    2
1695    2
1696    2
1697    2
1698    2
1699    2
1700    2
1701    2
1702    2
1703    2
1704    2
1705    2
1706    2
1707    2
1708    2
1709    2
1710    2
1711    2
1712    2
1713    2
1714    2
1715    2
1716    2
1717    2
1718    2
1719    2
1720    2
1721    2
1722    2
1723    2
1724    2
1725    2
1726    2
1727    2
1728    2
1729    2
1730    2
1731    2
1732    2
1733    2
1734    2
1735    2
1736    2
1737    2
1738    2
1739    2
1740    2
1741    2
1742    2
1743    2
1744    2
1745    2
1746    2
1747    2
1748    2
1749    2
1750    2
1751    2
1752    2
1753    2
1754    2
1755    2
1756    2
1757    2
1758    2
1759    2
1760    2
1761    2
1762    2
1763    2
1764    2
1765    2
1766    2
1767    2
1768    2
1769    2
1770    2
1771    2
1772    2
1773    2
1774    2
1775    2
1776    2
1777    2
1778    2
1779    2
1780    2
1781    2
1782    2
1783    2
1784    2
1785    2
1786    2
1787    2
1788    2
1789    2
1790    2
1791    2
1792    2
1793    2
1794    2
1795    2
1796    2
1797    2
1798    2
1799    2
1800    2
1801    2
1802    2
1803    2
1804    2
1805    2
1806    2
1807    2
1808    2
1809    2
1810    2
1811    2
1812    2
1813    2
1814    2
1815    2
1816    2
1817    2
1818    2
1819    2
1820    2
1821    2
1822    2
1823    2
1824    2
1825    2
1826    2
1827    2
1828    2
1829    2
1830    2
1831    2
1832    2
1833    2
1834    2
1835    2
1836    2
1837    2
1838    2
1839    2
1840    2
1841    2
1842    2
1843    2
1844    2
1845    2
1846    2
1847    2
1848    2
1849    2
1850    2
1851    2
1852    2
1853    2
1854    2
1855    2
1856    2
1857    2
1858    2
1859    2
1860    2
1861    2
1862    2
1863    2
1864    2
1865    2
1866    2
1867    2
1868    2
1869    2
1870    2
1871    2
1872    2
1873    2
1874    2
1875    2
1876    2
1877    2
1878    2
1879    2
1880    2
1881    2
1882    2
1883    2
1884    2
1885    2
1886    2
1887    2
1888    2
1889    2
1890    2
1891    2
1892    2
1893    2
1894    2
1895    2
1896    2
1897    2
1898    2
1899    2
1900    2
1901    2
1902    2
1903    2
1904    2
1905    2
1906    2
1907    2
1908    2
1909    2
1910    2
1911    2
1912    2
1913    2
1914    2
1915    2
1916    2
1917    2
1918    2
1919    2
1920    2
1921    2
1922    2
1923    2
1924    2
1925    2
1926    2
1927    2
1928    2
1929    2
1930    2
1931    2
1932    2
1933    2
1934    2
1935    2
1936    2
1937    2
1938    2
1939    2
1940    2
1941    2
1942    2
1943    2
1944    2
1945    2
1946    2
1947    2
1948    2
1949    2
1950    2
1951    2
1952    2
1953    2
1954    2
1955    2
1956    2
1957    2
1958    2
1959    2
1960    2
1961    2
1962    2
1963    2
1964    2
1965    2
1966    2
1967    2
1968    2
1969    2
1970    2
1971    2
1972    2
1973    2
1974    2
1975    2
1976    2
1977    2
1978    2
1979    2
1980    2
1981    2
1982    2
1983    2
1984    2
1985    2
1986    2
1987    2
1988    2
1989    2
1990    2
1991    2
1992    2
1993    2
1994    2
1995    2
1996    2
1997    2
1998    2
1999    2
2000    2
2001    2
2002    2
2003    2
2004    2
2005    2
2006    2
2007    2
2008    2
2009    2
2010    2
2011    2
2012    2
2013    2
2014    2
2015    2
2016    2
2017    2
2018    2
2019    2
2020    2
2021    2
2022    2
2023    2
2024    2
2025    2
2026    2
2027    2
2028    2
2029    2
2030    2
2031    2
2032    2
2033    2
2034    2
2035    2
2036    2
2037    2
2038    2
2039    2
2040    2
2041    2
2042    2
2043    2
2044    2
2045    2
2046    2
2047    2
2048    2
2049    2
2050    2
2051    2
2052    2
2053    2
2054    2
2055    2
2056    2
2057    2
2058    2
2059    2
2060    2
2061    2
2062    2
2063    2
2064    2
2065    2
2066    2
2067    2
2068    2
2069    2
2070    2
2071    2
2072    2
2073    2
2074    2
2075    2
2076    2
2077    2
2078    2
2079    2
2080    2
2081    2
2082    2
2083    2
2084    2
2085    2
2086    2
2087    2
2088    2
2089    2
2090    2
2091    2
2092    2
2093    2
2094    2
2095    2
2096    2
2097    2
2098    2
2099    2
2100    2
2101    2
2102    2
2103    2
2104    2
2105    2
2106    2
2107    2
2108    2
2109    2
2110    2
2111    2
2112    2
2113    2
2114    2
2115    2
2116    2
2117    2
2118    2
2119    2
2120    2
2121    2
2122    2
2123    2
2124    2
2125    2
2126    2
2127    2
2128    2
2129    2
2130    2
2131    2
2132    2
2133    2
2134    2
2135    2
2136    2
2137    2
2138    2
2139    2
2140    2
2141    2
2142    2
2143    2
2144    2
2145    2
2146    2
2147    2
2148    2
2149    2
2150    2
2151    2
2152    2
2153    2
2154    2
2155    2
2156    2
2157    2
2158    2
2159    2
2160    2
2161    2
2162    2
2163    2
2164    2
2165    2
2166    2
2167    2
2168    2
2169    2
2170    2
2171    2
2172    2
2173    2
2174    2
2175    2
2176    2
2177    2
2178    2
2179    2
2180    2
2181    2
2182    2
2183    2
2184    2
2185    2
2186    2
2187    2
2188    2
2189    2
2190    2
2191    2
2192    2
2193    2
2194    2
2195    2
2196    2
2197    2
2198    2
2199    2
2200    2
2201    2
2202    2
2203    2
2204    2
2205    2
2206    2
2207    2
2208    2
2209    2
2210    2
2211    2
2212    2
2213    2
2214    2
2215    2
2216    2
2217    2
2218    2
2219    2
2220    2
2221    2
2222    2
2223    2
2224    2
2225    2
2226    2
2227    2
2228    2
2229    2
2230    2
2231    2
2232    2
2233    2
2234    2
2235    2
2236    2
2237    2
2238    2
2239    2
2240    2
2241    2
2242    2
2243    2
2244    2
2245    2
2246    2
2247    2
2248    2
2249    2
2250    2
2251    2
2252    2
2253    2
2254    2
2255    2
2256    2
2257    2
2258    2
2259    2
2260    2
2261    2
2262    2
2263    2
2264    2
2265    2
2266    2
2267    2
2268    2
2269    2
2270    2
2271    2
2272    2
2273    2
2274    2
2275    2
2276    2
2277    2
2278    2
2279    2
2280    2
2281    2
2282    2
2283    2
2284    2
2285    2
2286    2
2287    2
2288    2
2289    2
2290    2
2291    2
2292    2
2293    2
2294    2
2295    2
2296    2
2297    2
2298    2
2299    2
2300    2
2301    2
2302    2
2303    2
2304    2
2305    2
2306    2
2307    2
2308    2
2309    2
2310    2
2311    2
2312    2
2313    2
2314    2
2315    2
2316    2
2317    2
2318    2
2319    2
2320    2
2321    2
2322    2
2323    2
2324    2
2325    2
2326    2
2327    2
2328    2
2329    2
2330    2
2331    2
2332    2
2333    2
2334    2
2335    2
2336    2
2337    2
2338    2
2339    2
2340    2
2341    2
2342    2
2343    2
2344    2
2345    2
2346    2
2347    2
2348    2
2349    2
2350    2
2351    2
2352    2
2353    2
2354    2
2355    2
2356    2
2357    2
2358    1
2359    1
2360    1
2361    1
2362    1
2363    1
2364    1
2365    1
2366    1
2367    1
2368    1
2369    1
2370    1
2371    1
2372    1
2373    1
2374    1
2375    1
2376    1
2377    1
2378    1
2379    1
2380    1
2381    1
2382    1
2383    1
2384    1
2385    1
2386    1
2387    1
2388    1
2389    1
2390    1
2391    1
2392    1
2393    1
2394    1
2395    1
2396    1
2397    1
2398    1
2399    1
2400    1
2401    1
2402    1
2403    1
2404    1
2405    1
2406    1
2407    1
2408    1
2409    1
2410    1
2411    1
2412    1
2413    1
2414    1
2415    1
2416    1
2417    1
2418    1
2419    1
2420    1
2421    1
2422    1
2423    1
2424    1
2425    1
2426    1
2427    1
2428    1
2429    1
2430    1
2431    1
2432    1
2433    1
2434    1
2435    1
2436    1
2437    1
2438    1
2439    1
2440    1
2441    1
2442    1
2443    1
2444    1
2445    1
2446    1
2447    1
2448    1
2449    1
2450    1
2451    1
2452    1
2453    1
2454    1
2455    1
2456    1
2457    1
2458    1
2459    1
2460    1
2461    1
2462    1
2463    1
2464    1
2465    1
2466    1
2467    1
2468    1
2469    1
2470    1
2471    1
2472    1
2473    1
2474    1
2475    1
2476    1
2477    1
2478    1
2479    1
2480    1
2481    1
2482    1
2483    1
2484    1
2485    1
2486    1
2487    1
2488    1
2489    1
2490    1
2491    1
2492    1
2493    1
2494    1
2495    1
2496    1
2497    1
2498    1
2499    1
2500    1
2501    1
2502    1
2503    1
2504    1
2505    1
2506    1
2507    1
2508    1
2509    1
2510    1
2511    1
2512    1
2513    1
2514    1
2515    1
2516    1
2517    1
2518    1
2519    1
2520    1
2521    1
2522    1
2523    1
2524    1
2525    1
2526    1
2527    1
2528    1
2529    1
2530    1
2531    1
2532    1
2533    1
2534    1
2535    1
2536    1
2537    1
2538    1
2539    1
2540    1
2541    1
2542    1
2543    1
2544    1
2545    1
2546    1
2547    1
2548    1
2549    1
2550    1
2551    1
2552    1
2553    1
2554    1
2555    1
2556    1
2557    1
2558    1
2559    1
2560    1
2561    1
2562    1
2563    1
2564    1
2565    1
2566    1
2567    1
2568    1
2569    1
2570    1
2571    1
2572    1
2573    1
2574    1
2575    1
2576    1
2577    1
2578    1
2579    1
2580    1
2581    1
2582    1
2583    1
2584    1
2585    1
2586    1
2587    1
2588    1
2589    1
2590    1
2591    1
2592    1
2593    1
2594    1
2595    1
2596    1
2597    1
2598    1
2599    1
2600    1
2601    1
2602    1
2603    1
2604    1
2605    1
2606    1
2607    1
2608    1
2609    1
2610    1
2611    1
2612    1
2613    1
2614    1
2615    1
2616    1
2617    1
2618    1
2619    1
2620    1
2621    1
2622    1
2623    1
2624    1
2625    1
2626    1
2627    1
2628    1
2629    1
2630    1
2631    1
2632    1
2633    1
2634    1
2635    1
2636    1
2637    1
2638    1
2639    1
2640    1
2641    1
2642    1
2643    1
2644    1
2645    1
2646    1
2647    1
2648    1
2649    1
2650    1
2651    1
2652    1
2653    1
2654    1
2655    1
2656    1
2657    1
2658    1
2659    1
2660    1
2661    1
2662    1
2663    1
2664    1
2665    1
2666    1
2667    1
2668    1
2669    1
2670    1
2671    1
2672    1
2673    1
2674    1
2675    1
2676    1
2677    1
2678    1
2679    1
2680    1
2681    1
2682    1
2683    1
2684    1
2685    1
2686    1
2687    1
2688    1
2689    1
2690    1
2691    1
2692    1
2693    1
2694    1
2695    1
2696    1
2697    1
2698    1
2699    1
2700    1
2701    1
2702    1
2703    1
2704    1
2705    1
2706    1
2707    1
2708    1
2709    1
2710    0
2711    0
2712    0
2713    0
2714    0
2715    0
2716    0
2717    0
2718    0
2719    0
2720    0
2721    0
2722    0
2723    0
2724    0
2725    0
2726    0
2727    0
2728    0
2729    0
2730    0
2731    0
2732    0
2733    0
2734    0
2735    0
2736    0
2737    0
2738    0
2739    0
2740    0
2741    0
2742    0
2743    0
2744    0
2745    0
2746    0
2747    0
2748    0
2749    0
2750    0
2751    0
2752    0
2753    0
2754    0
2755    0
2756    0
2757    0
2758    0
2759    0
2760    0
2761    0
2762    0
2763    0
2764    0
2765    0
2766    0
2767    0
2768    0
2769    0
2770    0
2771    0
2772    0
2773    0
2774    0
2775    0
2776    0
2777    0
2778    0
2779    0
2780    0
2781    0
2782    0
2783    0
2784    0
2785    0
2786    0
2787    0
2788    0
2789    0
2790    0
2791    0
2792    0
2793    0
2794    0
2795    0
2796    0
2797    0
2798    0
2799    0
2800    0
2801    0
2802    0
2803    0
2804    0
2805    0
2806    0
2807    0
2808    0
2809    0
2810    0
2811    0
2812    0
2813    0
2814    0
2815    0
2816    0
2817    0
2818    0
2819    0
2820    0
2821    0
2822    0
2823    0
2824    0
2825    0
2826    0
2827    0
2828    0
2829    0
2830    0
2831    0
2832    0
2833    0
2834    0
2835    0
2836    0
2837    0
2838    0
2839    0
2840    0
2841    0
2842    0
2843    0
2844    0
2845    0
2846    0
2847    0
2848    0
2849    0
2850    0
2851    0
2852    0
2853    0
2854    0
2855    0
2856    0
2857    0
2858    0
2859    0
2860    0
2861    0
2862    0
2863    0
2864    0
2865    0
2866    0
2867    0
2868    0
2869    0
2870    0
2871    0
2872    0
2873    0
2874    0
2875    0
2876    0
2877    0
2878    0
2879    0
2880    0
2881    0
2882    0
2883    0
2884    0
2885    0
2886    0
2887    0
2888    0
2889    0
2890    0
2891    0
2892    0
2893    0
2894    0
2895    0
2896    0
2897    0
2898    0
2899    0
2900    0
2901    0
2902    0
2903    0
2904    0
2905    0
2906    0
2907    0
2908    0
2909    0
2910    0
2911    0
2912    0
2913    0
2914    0
2915    0
2916    0
2917    0
2918    0
2919    0
2920    0
2921    0
2922    0
2923    0
2924    0
2925    0
2926    0
2927    0
2928    0
2929    0
2930    0
2931    0
2932    0
2933    0
2934    0
2935    0
2936    0
2937    0
2938    0
2939    0
2940    0
2941    0
2942    0
2943    0
2944    0
2945    0
2946    0
2947    0
2948    0
2949    0
2950    0
2951    0
2952    0
2953    0
2954    0
2955    0
2956    0
2957    0
2958    0
2959    0
2960    0
2961    0
2962    0
2963    0
2964    0
2965    0
2966    0
2967    0
2968    0
2969    0
2970    0
2971    0
2972    0
2973    0
2974    0
2975    0
2976    0
2977    0
2978    0
2979    0
2980    0
2981    0
2982    0
2983    0
2984    0
2985    0
2986    0
2987    0
2988    0
2989    0
2990    0
2991    0
2992    0
2993    0
2994    0
2995    0
2996    0
2997    0
2998    0
2999    0
3000    0
3001    0
3002    0
3003    0
3004    0
3005    0
3006    0
3007    0
3008    0
3009    0
3010    0
3011    0
3012    0
3013    0
3014    0
3015    0
3016    0
3017    0
3018    0
3019    0
3020    0
3021    0
3022    0
3023    0
3024    0
3025    0
3026    0
3027    0
3028    0
3029    0
3030    0
3031    0
3032    0
3033    0
3034    0
3035    0
3036    0
3037    0
3038    0
3039    0
3040    0
3041    0
3042    0
3043    0
3044    0
3045    0
3046    0
3047    0
3048    0
3049    0
3050    0
3051    0
3052    0
3053    0
3054    0
3055    0
3056    0
3057    0
3058    0
3059    0
3060    0
3061    0
3062    0
3063    0
3064    0
3065    0
3066    0
3067    0
3068    0
3069    0
3070    0
3071    0
3072    0
3073    0
3074    0
3075    0
3076    0
3077    0
3078    0
3079    0
3080    0
3081    0
3082    0
3083    0
3084    0
3085    0
3086    0
3087    0
3088    0
3089    0
3090    0
3091    0
3092    0
3093    0
3094    0
3095    0
3096    0
3097    0
3098    0
3099    0
3100    0
3101    0
3102    0
3103    0
3104    0
3105    0
3106    0
3107    0
3108    0
3109    0
3110    0
3111    0
3112    0
3113    0
3114    0
3115    0
3116    0
3117    0
3118    0
3119    0
3120    0
3121    0
3122    0
3123    0
3124    0
3125    0
3126    0
3127    0
3128    0
3129    0
3130    0
3131    0
3132    0
3133    0
3134    0
3135    0
3136    0
3137    0
3138    0
3139    0
3140    0
3141    0
3142    0
3143    0
3144    0
3145    0
3146    0
3147    0
3148    0
3149    0
3150    0
3151    0
3152    0
3153    0
3154    0
3155    0
3156    0
3157    0
3158    0
3159    0
3160    0
3161    0
3162    0
3163    0
3164    0
3165    0
3166    0
3167    0
3168    0
3169    0
3170    0
3171    0
3172    0
3173    0
3174    0
3175    0
3176    0
3177    0
3178    0
3179    0
3180    0
3181    0
3182    0
3183    0
3184    0
3185    0
3186    0
3187    0
3188    0
3189    0
3190    0
3191    0
3192    0
3193    0
3194    0
3195    0
3196    0
3197    0
3198    0
3199    0
3200    0
3201    0
3202    0
3203    0
3204    0
3205    0
3206    0
3207    0
3208    0
3209    0
3210    0
3211    0
3212    0
3213    0
3214    0
3215    0
3216    0
3217    0
3218    0
3219    0
3220    0
3221    0
3222    0
3223    0
3224    0
3225    0
3226    0
3227    0
3228    0
3229    0
3230    0
3231    0
3232    0
3233    0
3234    0
3235    0
3236    0
3237    0
3238    0
3239    0
3240    0
3241    0
3242    0
3243    0
3244    0
3245    0
3246    0
3247    0
3248    0
3249    0
3250    0
3251    0
3252    0
3253    0
3254    0
3255    0
3256    0
3257    0
3258    0
3259    0
3260    0
3261    0
3262    0
3263    0
3264    0
3265    0
3266    0
3267    0
3268    0
3269    0
3270    0
3271    0
3272    0
3273    0
3274    0
3275    0
3276    0
3277    0
3278    0
3279    0
3280    0
3281    0
3282    0
3283    0
3284    0
3285    0
3286    0
3287    0
3288    0
3289    0
3290    0
3291    0
3292    0
3293    0
3294    0
3295    0
3296    0
3297    0
3298    0
3299    0
3300    0
3301    0
3302    0
3303    0
3304    0
3305    0
3306    0
3307    0
3308    0
3309    0
3310    0
3311    0
3312    0
3313    0
3314    0
3315    0
3316    0
3317    0
3318    0
3319    0
3320    0
3321    0
3322    0
3323    0
3324    0
3325    0
3326    0
3327    0
3328    0
3329    0
3330    0
3331    0
3332    0
3333    0
3334    0
3335    0
3336    0
3337    0
3338    0
3339    0
3340    0
3341    0
3342    0
3343    0
3344    0
3345    0
3346    0
3347    0
3348    0
3349    0
3350    0
3351    0
3352    0
3353    0
3354    0
3355    0
3356    0
3357    0
3358    0
3359    0
3360    0
3361    0
3362    0
3363    0
3364    0
3365    0
3366    0
3367    0
3368    0
3369    0
3370    0
3371    0
3372    0
3373    0
3374    0
3375    0
3376    0
3377    0
3378    0
3379    0
3380    0
3381    0
3382    0
3383    0
3384    0
3385    0
3386    0
3387    0
3388    0
3389    0
3390    0
3391    0
3392    0
3393    0
3394    0
3395    0
3396    0
3397    0
3398    0
3399    0
3400    0
3401    0
3402    0
3403    0
3404    0
3405    0
3406    0
3407    0
3408    0
3409    0
3410    0
3411    0
3412    0
3413    0
3414    0
3415    0
3416    0
3417    0
3418    0
3419    0
3420    0
3421    0
3422    0
3423    0
3424    0
3425    0
3426    0
3427    0
3428    0
3429    0
3430    0
3431    0
3432    0
3433    0
3434    0
3435    0
3436    0
3437    0
3438    0
3439    0
3440    0
3441    0
3442    0
3443    0
3444    0
3445    0
3446    0
3447    0
3448    0
3449    0
3450    0
3451    0
3452    0
3453    0
3454    0
3455    0
3456    0
3457    0
3458    0
3459    0
3460    0
3461    0
3462    0
3463    0
3464    0
3465    0
3466    0
3467    0
3468    0
3469    0
3470    0
3471    0
3472    0
3473    0
3474    0
3475    0
3476    0
3477    0
3478    0
3479    0
3480    0
3481    0
3482    0
3483    0
3484    0
3485    0
3486    0
3487    0
3488    0
3489    0
3490    0
3491    0
3492    0
3493    0
3494    0
3495    0
3496    0
3497    0
3498    0
3499    0
3500    0
3501    0
3502    0
3503    0
3504    0
3505    0
3506    0
3507    0
3508    0
3509    0
3510    0
3511    0
3512    0
3513    0
3514    0
3515    0
3516    0
3517    0
3518    0
3519    0
3520    0
3521    0
3522    0
3523    0
3524    0
3525    0
3526    0
3527    0
3528    0
3529    0
3530    0
3531    0
3532    0
3533    0
3534    0
3535    0
3536    0
3537    0
3538    0
3539    0
3540    0
3541    0
3542    0
3543    0
3544    0
3545    0
3546    0
3547    0
3548    0
3549    0
3550    0
3551    0
3552    0
3553    0
3554    0
3555    0
3556    0
3557    0
3558    0
3559    0
3560    0
3561    0
3562    0
3563    0
3564    0
3565    0
3566    0
3567    0
3568    0
3569    0
3570    0
3571    0
3572    0
3573    0
3574    0
3575    0
3576    0
3577    0
3578    0
3579    0
3580    0
3581    0
3582    0
3583    0
3584    0
3585    0
3586    0
3587    0
3588    0
3589    0
3590    0
3591    0
3592    0
3593    0
3594    0
3595    0
3596    0
3597    0
3598    0
3599    0
3600    0
3601    0
3602    0
3603    0
3604    0
3605    0
3606    0
3607    0
3608    0
3609    0
3610    0
3611    0
3612    0
3613    0
3614    0
3615    0
3616    0
3617    0
3618    0
3619    0
3620    0
3621    0
3622    0
3623    0
3624    0
3625    0
3626    0
3627    0
3628    0
3629    0
3630    0
3631    0
3632    0
3633    0
3634    0
3635    0
3636    0
3637    0
3638    0
3639    0
3640    0
3641    0
3642    0
3643    0
3644    0
3645    0
3646    0
3647    0
3648    0
3649    0
3650    0
3651    0
3652    0
3653    0
3654    0
3655    0
3656    0
3657    0
3658    0
3659    0
3660    0
3661    0
3662    0
3663    0
3664    0
3665    0
3666    0
3667    0
3668    0
3669    0
3670    0
3671    0
3672    0
3673    0
3674    0
3675    0
3676    0
3677    0
3678    0
3679    0
3680    0
3681    0
3682    0
3683    0
3684    0
3685    0
3686    0
3687    0
3688    0
3689    0
3690    0
3691    0
3692    0
3693    0
3694    0
3695    0
3696    0
3697    0
3698    0
3699    0
3700    0
3701    0
3702    0
3703    0
3704    0
3705    0
3706    0
3707    0
3708    0
3709    0
3710    0
3711    0
3712    0
3713    0
3714    0
3715    0
3716    0
3717    0
3718    0
3719    0
3720    0
3721    0
3722    0
3723    0
3724    0
3725    0
3726    0
3727    0
3728    0
3729    0
3730    0
3731    0
3732    0
3733    0
3734    0
3735    0
3736    0
3737    0
3738    0
3739    0
3740    0
3741    0
3742    0
3743    0
3744    0
3745    0
3746    0
3747    0
3748    0
3749    0
3750    0
3751    0
3752    0
3753    0
3754    0
3755    0
3756    0
3757    0
3758    0
3759    0
3760    0
3761    0
3762    0
3763    0
3764    0
3765    0
3766    0
3767    0
3768    0
3769    0
3770    0
3771    0
3772    0
3773    0
3774    0
3775    0
3776    0
3777    0
3778    0
3779    0
3780    0
3781    0
3782    0
3783    0
3784    0
3785    0
3786    0
3787    0
3788    0
3789    0
3790    0
3791    0
3792    0
3793    0
3794    0
3795    0
3796    0
3797    0
3798    0
3799    0
3800    0
3801    0
3802    0
3803    0
3804    0
3805    0
3806    0
3807    0
3808    0
3809    0
3810    0
3811    0
3812    0
3813    0
3814    0
3815    0
3816    0
3817    0
3818    0
3819    0
3820    0
3821    0
3822    0
3823    0
3824    0
3825    0
3826    0
3827    0
3828    0
3829    0
3830    0
3831    0
3832    0
3833    0
3834    0
3835    0
3836    0
3837    0
3838    0
3839    0
3840    0
3841    0
3842    0
3843    0
3844    0
3845    0
3846    0
3847    0
3848    0
3849    0
3850    0
3851    0
3852    0
3853    0
3854    0
3855    0
3856    0
3857    0
3858    0
3859    0
3860    0
3861    0
3862    0
3863    0
3864    0
3865    0
3866    0
3867    0
3868    0
3869    0
3870    0
3871    0
3872    0
3873    0
3874    0
3875    0
3876    0
3877    0
3878    0
3879    0
3880    0
3881    0
3882    0
3883    0
3884    0
3885    0
3886    0
3887    0
3888    0
3889    0
3890    0
3891    0
3892    0
3893    0
3894    0
3895    0
3896    0
3897    0
3898    0
3899    0
3900    0
3901    0
3902    0
3903    0
3904    0
3905    0
3906    0
3907    0
3908    0
3909    0
3910    0
3911    0
3912    0
3913    0
3914    0
3915    0
3916    0
3917    0
3918    0
3919    0
3920    0
3921    0
3922    0
3923    0
3924    0
3925    0
3926    0
3927    0
3928    0
3929    0
3930    0
3931    0
3932    0
3933    0
3934    0
3935    0
3936    0
3937    0
3938    0
3939    0
3940    0
3941    0
3942    0
3943    0
3944    0
3945    0
3946    0
3947    0
3948    0
3949    0
3950    0
3951    0
3952    0
3953    0
3954    0
3955    0
3956    0
3957    0
3958    0
3959    0
3960    0
3961    0
3962    0
3963    0
3964    0
3965    0
3966    0
3967    0
3968    0
3969    0
3970    0
3971    0
3972    0
3973    0
3974    0
3975    0
3976    0
3977    0
3978    0
3979    0
3980    0
3981    0
3982    0
3983    0
3984    0
3985    0
3986    0
3987    0
3988    0
3989    0
3990    0
3991    0
3992    0
3993    0
3994    0
3995    0
3996    0
3997    0
3998    0
3999    0
4000    0
4001    0
4002    0
4003    0
4004    0
4005    0
4006    0
4007    0
4008    0
4009    0
4010    0
4011    0
4012    0
4013    0
4014    0
4015    0
4016    0
4017    0
4018    0
4019    0
4020    0
4021    0
4022    0
4023    0
4024    0
4025    0
4026    0
4027    0
4028    0
4029    0
4030    0
4031    0
4032    0
4033    0
4034    0
4035    0
4036    0
4037    0
4038    0
4039    0
4040    0
4041    0
4042    0
4043    0
4044    0
4045    0
4046    0
4047    0
4048    0
4049    0
4050    0
4051    0
4052    0
4053    0
4054    0
4055    0
4056    0
4057    0
4058    0
4059    0
4060    0
4061    0
4062    0
4063    0
4064    0
4065    0
4066    0
4067    0
4068    0
4069    0
4070    0
4071    0
4072    0
4073    0
4074    0
4075    0
4076    0
4077    0
4078    0
4079    0
4080    0
4081    0
4082    0
4083    0
4084    0
4085    0
4086    0
4087    0
4088    0
4089    0
4090    0
4091    0
4092    0
4093    0
4094    0
4095    0
4096    0
4097    0
4098    0
4099    0
4100    0
4101    0
4102    0
4103    0
4104    0
4105    0
4106    0
4107    0
4108    0
4109    0
4110    0
4111    0
4112    0
4113    0
4114    0
4115    0
4116    0
4117    0
4118    0
4119    0
4120    0
4121    0
4122    0
4123    0
4124    0
4125    0
4126    0
4127    0
4128    0
4129    0
4130    0
4131    0
4132    0
4133    0
4134    0
4135    0
4136    0
4137    0
4138    0
4139    0
4140    0
4141    0
4142    0
4143    0
4144    0
4145    0
4146    0
4147    0
4148    0
4149    0
4150    0
4151    0
4152    0
4153    0
4154    0
4155    0
4156    0
4157    0
4158    0
4159    0
4160    0
4161    0
4162    0
4163    0
4164    0
4165    0
4166    0
4167    0
4168    0
4169    0
4170    0
4171    0
4172    0
4173    0
4174    0
4175    0
4176    0
4177    0
4178    0
4179    0
4180    0
4181    0
4182    0
4183    0
4184    0
4185    0
4186    0
4187    0
4188    0
4189    0
4190    0
4191    0
4192    0
4193    0
4194    0
4195    0
4196    0
4197    0
4198    0
4199    0
4200    0
4201    0
4202    0
4203    0
4204    0
4205    0
4206    0
4207    0
4208    0
4209    0
4210    0
4211    0
4212    0
4213    0
4214    0
4215    0
4216    0
4217    0
4218    0
4219    0
4220    0
4221    0
4222    0
4223    0
4224    0
4225    0
4226    0
4227    0
4228    0
4229    0
4230    0
4231    0
4232    0
4233    0
4234    0
4235    0
4236    0
4237    0
4238    0
4239    0
4240    0
4241    0
4242    0
4243    0
4244    0
4245    0
4246    0
4247    0
4248    0
4249    0
4250    0
4251    0
4252    0
4253    0
4254    0
4255    0
4256    0
4257    0
4258    0
4259    0
4260    0
4261    0
4262    0
4263    0
4264    0
4265    0
4266    0
4267    0
4268    0
4269    0
4270    0
4271    0
4272    0
4273    0
4274    0
4275    0
4276    0
4277    0
4278    0
4279    0
4280    0
4281    0
4282    0
4283    0
4284    0
4285    0
4286    0
4287    0
4288    0
4289    0
4290    0
4291    0
4292    0
4293    0
4294    0
4295    0
4296    0
4297    0
4298    0
4299    0
4300    0
4301    0
4302    0
4303    0
4304    0
4305    0
4306    0
4307    0
4308    0
4309    0
4310    0
4311    0
4312    0
4313    0
4314    0
4315    0
4316    0
4317    0
4318    0
4319    0
4320    0
4321    0
4322    0
4323    0
4324    0
4325    0
4326    0
4327    0
4328    0
4329    0
4330    0
4331    0
4332    0
4333    0
4334    0
4335    0
4336    0
4337    0
4338    0
4339    0
4340    0
4341    0
4342    0
4343    0
4344    0
4345    0
4346    0
4347    0
4348    0
4349    0
4350    0
4351    0
4352    0
4353    0
4354    0
4355    0
4356    0
4357    0
4358    0
4359    0
4360    0
4361    0
4362    0
4363    0
4364    0
4365    0
4366    0
4367    0
4368    0
4369    0
4370    0
4371    0
4372    0
4373    0
4374    0
4375    0
4376    0
4377    0
4378    0
4379    0
4380    0
4381    0
4382    0
4383    0
4384    0
4385    0
4386    0
4387    0
4388    0
4389    0
4390    0
4391    0
4392    0
4393    0
4394    0
4395    0
4396    0
4397    0
4398    0
4399    0
4400    0
4401    0
4402    0
4403    0
4404    0
4405    0
4406    0
4407    0
4408    0
4409    0
4410    0
4411    0
4412    0
4413    0
4414    0
4415    0
4416    0
4417    0
4418    0
4419    0
4420    0
4421    0
4422    0
4423    0
4424    0
4425    0
4426    0
4427    0
4428    0
4429    0
4430    0
4431    0
4432    0
4433    0
4434    0
4435    0
4436    0
4437    0
4438    0
4439    0
4440    0
4441    0
4442    0
4443    0
4444    0
4445    0
4446    0
4447    0
4448    0
4449    0
4450    0
4451    0
4452    0
4453    0
4454    0
4455    0
4456    0
4457    0
4458    0
4459    0
4460    0
4461    0
4462    0
4463    0
4464    0
4465    0
4466    0
4467    0
4468    0
4469    0
4470    0
4471    0
4472    0
4473    0
4474    0
4475    0
4476    0
4477    0
4478    0
4479    0
4480    0
4481    0
4482    0
4483    0
4484    0
4485    0
4486    0
4487    0
4488    0
4489    0
4490    0
4491    0
4492    0
4493    0
4494    0
4495    0
4496    0
4497    0
4498    0
4499    0
4500    0
4501    0
4502    0
4503    0
4504    0
4505    0
4506    0
4507    0
4508    0
4509    0
4510    0
4511    0
4512    0
4513    0
4514    0
4515    0
4516    0
4517    0
4518    0
4519    0
4520    0
4521    0
4522    0
4523    0
4524    0
4525    0
4526    0
4527    0
4528    0
4529    0
4530    0
4531    0
4532    0
4533    0
4534    0
4535    0
4536    0
4537    0
4538    0
4539    0
4540    0
4541    0
4542    0
4543    0
4544    0
4545    0
4546    0
4547    0
4548    0
4549    0
4550    0
4551    0
4552    0
4553    0
4554    0
4555    0
4556    0
4557    0
4558    0
4559    0
4560    0
4561    0
4562    0
4563    0
4564    0
4565    0
4566    0
4567    0
4568    0
4569    0
4570    0
4571    0
4572    0
4573    0
4574    0
4575    0
4576    0
4577    0
4578    0
4579    0
4580    0
4581    0
4582    0
4583    0
4584    0
4585    0
4586    0
4587    0
4588    0
4589    0
4590    0
4591    0
4592    0
4593    0
4594    0
4595    0
4596    0
4597    0
4598    0
4599    0
4600    0
4601    0
4602    0
4603    0
4604    0
4605    0
4606    0
4607    0
4608    0
4609    0
4610    0
4611    0
4612    0
4613    0
4614    0
4615    0
4616    0
4617    0
4618    0
4619    0
4620    0
4621    0
4622    0
4623    0
4624    0
4625    0
4626    0
4627    0
4628    0
4629    0
4630    0
4631    0
4632    0
4633    0
4634    0
4635    0
4636    0
4637    0
4638    0
4639    0
4640    0
4641    0
4642    0
4643    0
4644    0
4645    0
4646    0
4647    0
4648    0
4649    0
4650    0
4651    0
4652    0
4653    0
4654    0
4655    0
4656    0
4657    0
4658    0
4659    0
4660    0
4661    0
4662    0
4663    0
4664    0
4665    0
4666    0
4667    0
4668    0
4669    0
4670    0
4671    0
4672    0
4673    0
4674    0
4675    0
4676    0
4677    0
4678    0
4679    0
4680    0
4681    0
4682    0
4683    0
4684    0
4685    0
4686    0
4687    0
4688    0
4689    0
4690    0
4691    0
4692    0
4693    0
4694    0
4695    0
4696    0
4697    0
4698    0
4699    0
4700    0
4701    0
4702    0
4703    0
4704    0
4705    0
4706    0
4707    0
4708    0
4709    0
4710    0
4711    0
4712    0
4713    0
4714    0
4715    0
4716    0
4717    0
4718    0
4719    0
4720    0
4721    0
4722    0
4723    0
4724    0
4725    0
4726    0
4727    0
4728    0
4729    0
4730    0
4731    0
4732    0
4733    0
4734    0
4735    0
4736    0
4737    0
4738    0
4739    0
4740    0
4741    0
4742    0
4743    0
4744    0
4745    0
4746    0
4747    0
4748    0
4749    0
4750    0
4751    0
4752    0
4753    0
4754    0
4755    0
4756    0
4757    0
4758    0
4759    0
4760    0
4761    0
4762    0
4763    0
4764    0
4765    0
4766    0
4767    0
4768    0
4769    0
4770    0
4771    0
4772    0
4773    0
4774    0
4775    0
4776    0
4777    0
4778    0
4779    0
4780    0
4781    0
4782    0
4783    0
4784    0
4785    0
4786    0
4787    0
4788    0
4789    0
4790    0
4791    0
4792    0
4793    0
4794    0
4795    0
4796    0
4797    0
4798    0
4799    0
4800    0
4801    0
4802    0
4803    0
4804    0
4805    0
4806    0
4807    0
4808    0
4809    0
4810    0
4811    0
4812    0
4813    0
4814    0
4815    0
4816    0
4817    0
4818    0
4819    0
4820    0
4821    0
4822    0
4823    0
4824    0
4825    0
4826    0
4827    0
4828    0
4829    0
4830    0
4831    0
4832    0
4833    0
4834    0
4835    0
4836    0
4837    0
4838    0
4839    0
4840    0
4841    0
4842    0
4843    0
4844    0
4845    0
4846    0
4847    0
4848    0
4849    0
4850    0
4851    0
4852    0
4853    0
4854    0
4855    0
4856    0
4857    0
4858    0
4859    0
4860    0
4861    0
4862    0
4863    0
4864    0
4865    0
4866    0
4867    0
4868    0
4869    0
4870    0
4871    0
4872    0
4873    0
4874    0
4875    0
4876    0
4877    0
4878    0
4879    0
4880    0
4881    0
4882    0
4883    0
4884    0
4885    0
4886    0
4887    0
4888    0
4889    0
4890    0
4891    0
4892    0
4893    0
4894    0
4895    0
4896    0
4897    0
4898    0
4899    0
4900    0
4901    0
4902    0
4903    0
4904    0
4905    0
4906    0
4907    0
4908    0
4909    0
4910    0
4911    0
4912    0
4913    0
4914    0
4915    0
4916    0
4917    0
4918    0
4919    0
4920    0
4921    0
4922    0
4923    0
4924    0
4925    0
4926    0
4927    0
4928    0
4929    0
4930    0
4931    0
4932    0
4933    0
4934    0
4935    0
4936    0
4937    0
4938    0
4939    0
4940    0
4941    0
4942    0
4943    0
4944    0
4945    0
4946    0
4947    0
4948    0
4949    0
4950    0
4951    0
4952    0
4953    0
4954    0
4955    0
4956    0
4957    0
4958    0
4959    0
4960    0
4961    0
4962    0
4963    0
4964    0
4965    0
4966    0
4967    0
4968    0
4969    0
4970    0
4971    0
4972    0
4973    0
