2    386
3    289
4    227
5    205
6    184
7    173
8    159
9    153
10    146
11    143
12    140
13    137
14    133
15    128
16    123
17    123
18    121
19    119
20    117
21    116
22    110
23    106
24    100
25    96
26    93
27    90
28    87
29    80
30    77
31    77
32    75
33    73
34    73
35    72
36    71
37    69
38    69
39    69
40    69
41    68
42    68
43    68
44    67
45    66
46    65
47    65
48    65
49    64
50    62
51    61
52    60
53    57
54    57
55    55
56    54
57    53
58    53
59    49
60    48
61    48
62    48
63    47
64    47
65    46
66    45
67    45
68    44
69    44
70    44
71    44
72    44
73    43
74    42
75    42
76    42
77    42
78    42
79    42
80    42
81    41
82    41
83    41
84    41
85    41
86    41
87    41
88    40
89    40
90    40
91    40
92    40
93    40
94    40
95    40
96    40
97    40
98    40
99    40
100    40
101    40
102    40
103    40
104    40
105    40
106    39
107    39
108    39
109    39
110    38
111    38
112    38
113    38
114    38
115    38
116    38
117    38
118    38
119    38
120    38
121    38
122    38
123    38
124    38
125    38
126    38
127    38
128    38
129    38
130    38
131    38
132    38
133    38
134    38
135    37
136    37
137    37
138    36
139    36
140    36
141    35
142    35
143    35
144    35
145    34
146    34
147    34
148    34
149    34
150    34
151    33
152    33
153    33
154    33
155    33
156    32
157    32
158    32
159    32
160    32
161    31
162    31
163    31
164    31
165    31
166    31
167    31
168    31
169    31
170    31
171    31
172    31
173    31
174    31
175    31
176    31
177    30
178    30
179    30
180    30
181    30
182    30
183    30
184    30
185    30
186    30
187    30
188    30
189    30
190    30
191    30
192    30
193    30
194    30
195    30
196    30
197    30
198    30
199    30
200    30
201    30
202    30
203    30
204    29
205    29
206    29
207    29
208    29
209    29
210    29
211    29
212    29
213    29
214    29
215    29
216    29
217    29
218    29
219    29
220    29
221    29
222    29
223    29
224    29
225    29
226    29
227    29
228    29
229    29
230    29
231    29
232    29
233    29
234    29
235    29
236    29
237    29
238    29
239    29
240    29
241    29
242    29
243    29
244    29
245    29
246    29
247    29
248    29
249    29
250    29
251    29
252    29
253    29
254    29
255    29
256    28
257    28
258    27
259    27
260    27
261    27
262    27
263    27
264    27
265    27
266    27
267    27
268    27
269    26
270    26
271    24
272    24
273    24
274    24
275    24
276    23
277    23
278    23
279    23
280    23
281    23
282    23
283    23
284    23
285    23
286    23
287    23
288    23
289    23
290    23
291    23
292    22
293    22
294    21
295    20
296    20
297    20
298    20
299    18
300    18
301    18
302    18
303    17
304    17
305    17
306    17
307    17
308    17
309    17
310    17
311    15
312    15
313    15
314    15
315    15
316    15
317    15
318    15
319    15
320    15
321    15
322    15
323    14
324    14
325    14
326    14
327    14
328    14
329    14
330    14
331    14
332    14
333    14
334    14
335    14
336    14
337    14
338    14
339    14
340    14
341    14
342    13
343    13
344    13
345    13
346    13
347    13
348    13
349    13
350    13
351    13
352    13
353    13
354    13
355    13
356    13
357    13
358    13
359    13
360    13
361    13
362    13
363    13
364    13
365    13
366    13
367    13
368    13
369    13
370    13
371    13
372    13
373    13
374    13
375    13
376    13
377    13
378    13
379    13
380    13
381    13
382    13
383    13
384    13
385    13
386    13
387    13
388    13
389    13
390    13
391    13
392    13
393    13
394    13
395    13
396    13
397    13
398    13
399    13
400    13
401    13
402    13
403    13
404    13
405    13
406    13
407    13
408    13
409    13
410    13
411    13
412    13
413    13
414    13
415    13
416    13
417    13
418    13
419    13
420    13
421    13
422    13
423    13
424    13
425    13
426    13
427    13
428    13
429    13
430    13
431    13
432    13
433    13
434    13
435    13
436    13
437    13
438    13
439    13
440    13
441    13
442    13
443    13
444    13
445    13
446    13
447    13
448    13
449    13
450    13
451    13
452    13
453    13
454    13
455    13
456    13
457    13
458    13
459    13
460    13
461    13
462    13
463    13
464    13
465    13
466    13
467    13
468    13
469    13
470    13
471    13
472    13
473    13
474    13
475    13
476    13
477    13
478    13
479    13
480    13
481    13
482    13
483    13
484    13
485    13
486    13
487    13
488    13
489    13
490    13
491    13
492    12
493    12
494    12
495    12
496    12
497    12
498    12
499    12
500    12
501    12
502    12
503    12
504    12
505    12
506    12
507    12
508    12
509    12
510    12
511    12
512    12
513    12
514    12
515    12
516    12
517    12
518    12
519    12
520    12
521    12
522    12
523    12
524    12
525    12
526    12
527    12
528    12
529    12
530    12
531    12
532    12
533    12
534    12
535    12
536    12
537    12
538    12
539    12
540    12
541    12
542    12
543    12
544    12
545    12
546    12
547    12
548    12
549    12
550    12
551    12
552    12
553    12
554    12
555    12
556    12
557    12
558    12
559    12
560    12
561    12
562    12
563    12
564    12
565    12
566    12
567    12
568    12
569    12
570    12
571    12
572    12
573    12
574    12
575    12
576    12
577    12
578    12
579    12
580    12
581    12
582    12
583    12
584    12
585    12
586    12
587    12
588    12
589    12
590    12
591    12
592    12
593    12
594    12
595    12
596    12
597    12
598    12
599    12
600    12
601    12
602    12
603    11
604    11
605    10
606    10
607    10
608    10
609    10
610    10
611    10
612    10
613    10
614    10
615    10
616    10
617    10
618    10
619    10
620    10
621    10
622    10
623    10
624    10
625    10
626    10
627    10
628    10
629    10
630    10
631    10
632    10
633    10
634    10
635    10
636    9
637    9
638    9
639    9
640    9
641    9
642    9
643    9
644    9
645    9
646    9
647    9
648    9
649    9
650    8
651    8
652    8
653    8
654    8
655    8
656    8
657    8
658    8
659    8
660    8
661    8
662    8
663    8
664    8
665    8
666    8
667    8
668    8
669    8
670    8
671    8
672    8
673    8
674    8
675    8
676    8
677    8
678    8
679    8
680    8
681    8
682    8
683    8
684    8
685    8
686    8
687    8
688    8
689    8
690    8
691    8
692    8
693    8
694    8
695    8
696    8
697    8
698    8
699    8
700    8
701    8
702    8
703    8
704    8
705    8
706    8
707    8
708    8
709    8
710    8
711    8
712    8
713    8
714    8
715    8
716    8
717    8
718    8
719    8
720    8
721    8
722    8
723    8
724    8
725    8
726    8
727    8
728    8
729    8
730    8
731    8
732    8
733    8
734    8
735    8
736    8
737    8
738    8
739    8
740    8
741    8
742    8
743    8
744    8
745    8
746    8
747    8
748    8
749    8
750    8
751    8
752    8
753    8
754    8
755    8
756    8
757    8
758    8
759    8
760    8
761    8
762    8
763    8
764    8
765    8
766    8
767    8
768    8
769    8
770    8
771    8
772    8
773    8
774    8
775    8
776    8
777    8
778    8
779    8
780    8
781    8
782    8
783    8
784    8
785    8
786    8
787    8
788    8
789    8
790    8
791    8
792    8
793    8
794    8
795    8
796    8
797    8
798    8
799    8
800    8
801    8
802    8
803    8
804    8
805    8
806    8
807    8
808    8
809    8
810    8
811    8
812    8
813    8
814    8
815    8
816    8
817    8
818    8
819    8
820    8
821    8
822    8
823    8
824    8
825    8
826    8
827    8
828    7
829    7
830    7
831    7
832    7
833    7
834    7
835    7
836    7
837    7
838    7
839    7
840    7
841    7
842    7
843    7
844    7
845    7
846    7
847    7
848    7
849    7
850    7
851    7
852    7
853    7
854    7
855    7
856    7
857    7
858    7
859    7
860    7
861    7
862    7
863    7
864    6
865    6
866    6
867    6
868    6
869    6
870    6
871    6
872    6
873    6
874    6
875    6
876    6
877    6
878    6
879    6
880    6
881    6
882    6
883    6
884    6
885    6
886    6
887    6
888    6
889    6
890    6
891    6
892    6
893    6
894    6
895    6
896    5
897    5
898    5
899    5
900    5
901    5
902    5
903    5
904    5
905    5
906    5
907    5
908    5
909    5
910    5
911    5
912    5
913    5
914    5
915    5
916    5
917    5
918    5
919    5
920    5
921    5
922    5
923    5
924    5
925    5
926    5
927    5
928    5
929    5
930    5
931    5
932    5
933    5
934    5
935    5
936    5
937    5
938    5
939    5
940    5
941    5
942    5
943    5
944    5
945    5
946    5
947    5
948    5
949    5
950    5
951    5
952    5
953    5
954    5
955    5
956    5
957    5
958    5
959    5
960    5
961    5
962    5
963    5
964    5
965    5
966    5
967    5
968    5
969    5
970    5
971    5
972    5
973    5
974    5
975    5
976    5
977    5
978    5
979    5
980    5
981    5
982    5
983    5
984    5
985    5
986    5
987    5
988    5
989    5
990    5
991    5
992    5
993    5
994    5
995    5
996    5
997    5
998    5
999    5
1000    5
1001    5
1002    5
1003    5
1004    5
1005    5
1006    5
1007    5
1008    5
1009    5
1010    5
1011    5
1012    5
1013    5
1014    5
1015    5
1016    5
1017    5
1018    5
1019    5
1020    5
1021    5
1022    5
1023    5
1024    5
1025    5
1026    5
1027    5
1028    5
1029    5
1030    5
1031    5
1032    5
1033    5
1034    5
1035    5
1036    5
1037    5
1038    5
1039    5
1040    5
1041    5
1042    5
1043    5
1044    5
1045    5
1046    5
1047    5
1048    5
1049    5
1050    5
1051    5
1052    5
1053    5
1054    5
1055    5
1056    5
1057    5
1058    5
1059    5
1060    5
1061    5
1062    5
1063    5
1064    5
1065    5
1066    5
1067    5
1068    5
1069    5
1070    5
1071    5
1072    5
1073    5
1074    5
1075    5
1076    5
1077    5
1078    5
1079    5
1080    5
1081    5
1082    5
1083    5
1084    5
1085    5
1086    5
1087    5
1088    5
1089    5
1090    5
1091    5
1092    5
1093    5
1094    5
1095    5
1096    5
1097    5
1098    5
1099    5
1100    5
1101    5
1102    5
1103    5
1104    5
1105    5
1106    5
1107    5
1108    5
1109    5
1110    5
1111    5
1112    5
1113    5
1114    5
1115    5
1116    5
1117    5
1118    5
1119    5
1120    5
1121    5
1122    5
1123    5
1124    5
1125    5
1126    5
1127    5
1128    5
1129    5
1130    5
1131    5
1132    5
1133    5
1134    5
1135    5
1136    5
1137    5
1138    5
1139    5
1140    5
1141    5
1142    5
1143    5
1144    5
1145    5
1146    5
1147    5
1148    5
1149    5
1150    5
1151    5
1152    5
1153    5
1154    5
1155    5
1156    5
1157    5
1158    5
1159    5
1160    5
1161    5
1162    5
1163    5
1164    5
1165    5
1166    5
1167    5
1168    5
1169    5
1170    5
1171    5
1172    5
1173    5
1174    5
1175    5
1176    5
1177    5
1178    5
1179    5
1180    5
1181    5
1182    5
1183    5
1184    5
1185    5
1186    5
1187    5
1188    5
1189    5
1190    5
1191    5
1192    5
1193    5
1194    5
1195    5
1196    5
1197    5
1198    5
1199    5
1200    5
1201    5
1202    5
1203    5
1204    5
1205    5
1206    5
1207    5
1208    5
1209    5
1210    5
1211    5
1212    5
1213    5
1214    5
1215    5
1216    5
1217    5
1218    5
1219    5
1220    5
1221    5
1222    5
1223    5
1224    5
1225    5
1226    5
1227    5
1228    5
1229    5
1230    5
1231    5
1232    5
1233    5
1234    5
1235    5
1236    5
1237    5
1238    5
1239    5
1240    5
1241    5
1242    5
1243    5
1244    5
1245    5
1246    5
1247    5
1248    5
1249    5
1250    5
1251    5
1252    5
1253    5
1254    5
1255    5
1256    5
1257    5
1258    5
1259    5
1260    5
1261    5
1262    5
1263    5
1264    5
1265    5
1266    5
1267    5
1268    5
1269    5
1270    5
1271    5
1272    5
1273    5
1274    5
1275    5
1276    5
1277    5
1278    5
1279    5
1280    5
1281    5
1282    5
1283    5
1284    5
1285    5
1286    4
1287    4
1288    4
1289    4
1290    4
1291    4
1292    4
1293    4
1294    4
1295    4
1296    4
1297    4
1298    4
1299    4
1300    4
1301    4
1302    4
1303    4
1304    4
1305    4
1306    4
1307    4
1308    4
1309    4
1310    4
1311    4
1312    4
1313    4
1314    4
1315    4
1316    4
1317    4
1318    4
1319    4
1320    4
1321    4
1322    4
1323    4
1324    4
1325    4
1326    4
1327    4
1328    4
1329    4
1330    4
1331    4
1332    4
1333    4
1334    4
1335    4
1336    4
1337    4
1338    4
1339    4
1340    4
1341    4
1342    4
1343    4
1344    4
1345    4
1346    4
1347    4
1348    4
1349    4
1350    4
1351    4
1352    4
1353    4
1354    4
1355    4
1356    4
1357    4
1358    4
1359    4
1360    4
1361    4
1362    4
1363    4
1364    4
1365    4
1366    4
1367    4
1368    4
1369    4
1370    4
1371    4
1372    4
1373    4
1374    4
1375    4
1376    4
1377    4
1378    4
1379    4
1380    4
1381    4
1382    4
1383    4
1384    4
1385    4
1386    4
1387    4
1388    4
1389    4
1390    4
1391    4
1392    4
1393    4
1394    4
1395    4
1396    4
1397    4
1398    4
1399    4
1400    4
1401    4
1402    4
1403    4
1404    4
1405    4
1406    4
1407    4
1408    4
1409    4
1410    4
1411    4
1412    4
1413    4
1414    4
1415    4
1416    4
1417    4
1418    4
1419    4
1420    4
1421    4
1422    4
1423    4
1424    4
1425    4
1426    4
1427    4
1428    4
1429    4
1430    4
1431    4
1432    4
1433    4
1434    4
1435    4
1436    4
1437    4
1438    4
1439    4
1440    4
1441    4
1442    4
1443    4
1444    4
1445    4
1446    4
1447    4
1448    4
1449    4
1450    4
1451    4
1452    4
1453    4
1454    4
1455    4
1456    4
1457    4
1458    4
1459    4
1460    4
1461    4
1462    4
1463    4
1464    4
1465    4
1466    4
1467    4
1468    4
1469    4
1470    4
1471    4
1472    4
1473    4
1474    4
1475    4
1476    4
1477    4
1478    4
1479    4
1480    4
1481    4
1482    4
1483    4
1484    4
1485    4
1486    4
1487    4
1488    4
1489    4
1490    4
1491    4
1492    4
1493    4
1494    4
1495    4
1496    4
1497    4
1498    4
1499    4
1500    4
1501    4
1502    4
1503    4
1504    4
1505    4
1506    4
1507    4
1508    4
1509    4
1510    4
1511    4
1512    4
1513    4
1514    4
1515    4
1516    4
1517    4
1518    4
1519    4
1520    4
1521    4
1522    4
1523    4
1524    4
1525    4
1526    4
1527    4
1528    4
1529    4
1530    4
1531    4
1532    4
1533    4
1534    4
1535    4
1536    4
1537    4
1538    4
1539    4
1540    4
1541    4
1542    4
1543    4
1544    4
1545    4
1546    4
1547    4
1548    4
1549    4
1550    4
1551    4
1552    4
1553    4
1554    4
1555    4
1556    4
1557    4
1558    4
1559    4
1560    4
1561    4
1562    4
1563    4
1564    4
1565    4
1566    4
1567    4
1568    4
1569    4
1570    4
1571    4
1572    4
1573    4
1574    4
1575    4
1576    4
1577    4
1578    4
1579    4
1580    4
1581    4
1582    4
1583    4
1584    4
1585    4
1586    4
1587    4
1588    4
1589    4
1590    4
1591    4
1592    4
1593    4
1594    4
1595    4
1596    4
1597    4
1598    4
1599    4
1600    4
1601    4
1602    4
1603    4
1604    4
1605    4
1606    4
1607    4
1608    4
1609    4
1610    4
1611    4
1612    4
1613    4
1614    4
1615    4
1616    4
1617    4
1618    4
1619    4
1620    4
1621    4
1622    4
1623    4
1624    4
1625    4
1626    4
1627    4
1628    4
1629    4
1630    4
1631    4
1632    4
1633    4
1634    4
1635    4
1636    4
1637    4
1638    4
1639    4
1640    4
1641    4
1642    4
1643    4
1644    4
1645    4
1646    4
1647    4
1648    4
1649    4
1650    4
1651    4
1652    4
1653    4
1654    4
1655    4
1656    4
1657    4
1658    4
1659    4
1660    4
1661    4
1662    4
1663    4
1664    4
1665    4
1666    4
1667    4
1668    4
1669    4
1670    4
1671    4
1672    4
1673    4
1674    4
1675    4
1676    4
1677    4
1678    4
1679    4
1680    4
1681    4
1682    4
1683    4
1684    4
1685    4
1686    4
1687    4
1688    4
1689    4
1690    4
1691    4
1692    4
1693    4
1694    4
1695    4
1696    4
1697    4
1698    4
1699    4
1700    4
1701    4
1702    4
1703    4
1704    4
1705    4
1706    4
1707    4
1708    4
1709    4
1710    4
1711    4
1712    4
1713    4
1714    4
1715    4
1716    4
1717    4
1718    4
1719    4
1720    4
1721    4
1722    4
1723    4
1724    4
1725    4
1726    4
1727    4
1728    4
1729    4
1730    4
1731    4
1732    4
1733    4
1734    4
1735    4
1736    4
1737    4
1738    4
1739    4
1740    4
1741    4
1742    4
1743    4
1744    4
1745    4
1746    4
1747    4
1748    4
1749    4
1750    4
1751    4
1752    4
1753    4
1754    4
1755    4
1756    4
1757    4
1758    4
1759    4
1760    4
1761    4
1762    4
1763    4
1764    4
1765    4
1766    4
1767    4
1768    4
1769    4
1770    4
1771    4
1772    4
1773    4
1774    4
1775    4
1776    4
1777    4
1778    4
1779    4
1780    4
1781    4
1782    4
1783    4
1784    4
1785    4
1786    4
1787    4
1788    4
1789    4
1790    4
1791    4
1792    4
1793    4
1794    4
1795    4
1796    4
1797    4
1798    4
1799    4
1800    4
1801    4
1802    4
1803    4
1804    4
1805    4
1806    4
1807    4
1808    4
1809    4
1810    4
1811    4
1812    4
1813    4
1814    4
1815    4
1816    4
1817    4
1818    4
1819    4
1820    4
1821    4
1822    4
1823    4
1824    4
1825    4
1826    4
1827    4
1828    4
1829    4
1830    4
1831    4
1832    4
1833    4
1834    4
1835    4
1836    4
1837    4
1838    4
1839    4
1840    4
1841    4
1842    4
1843    4
1844    4
1845    4
1846    4
1847    4
1848    4
1849    4
1850    4
1851    4
1852    4
1853    4
1854    4
1855    4
1856    4
1857    4
1858    4
1859    4
1860    4
1861    4
1862    4
1863    4
1864    4
1865    4
1866    4
1867    4
1868    4
1869    4
1870    4
1871    4
1872    4
1873    4
1874    4
1875    4
1876    4
1877    4
1878    4
1879    4
1880    4
1881    4
1882    4
1883    4
1884    4
1885    4
1886    4
1887    4
1888    4
1889    4
1890    4
1891    4
1892    4
1893    4
1894    4
1895    4
1896    4
1897    4
1898    4
1899    4
1900    4
1901    4
1902    4
1903    4
1904    4
1905    4
1906    4
1907    4
1908    4
1909    4
1910    4
1911    4
1912    4
1913    4
1914    4
1915    4
1916    4
1917    4
1918    4
1919    4
1920    4
1921    4
1922    4
1923    4
1924    4
1925    4
1926    4
1927    4
1928    4
1929    4
1930    4
1931    4
1932    4
1933    4
1934    4
1935    4
1936    4
1937    4
1938    4
1939    4
1940    4
1941    4
1942    4
1943    4
1944    4
1945    4
1946    4
1947    4
1948    4
1949    4
1950    4
1951    4
1952    4
1953    4
1954    4
1955    4
1956    4
1957    4
1958    4
1959    4
1960    4
1961    4
1962    4
1963    4
1964    4
1965    4
1966    4
1967    4
1968    4
1969    4
1970    4
1971    4
1972    4
1973    4
1974    4
1975    4
1976    4
1977    4
1978    4
1979    4
1980    4
1981    4
1982    4
1983    4
1984    4
1985    4
1986    4
1987    4
1988    4
1989    4
1990    4
1991    4
1992    4
1993    4
1994    4
1995    4
1996    4
1997    4
1998    4
1999    4
2000    4
2001    4
2002    4
2003    4
2004    4
2005    4
2006    4
2007    4
2008    4
2009    4
2010    4
2011    4
2012    4
2013    4
2014    4
2015    4
2016    4
2017    4
2018    4
2019    4
2020    4
2021    4
2022    4
2023    4
2024    4
2025    4
2026    4
2027    4
2028    4
2029    4
2030    4
2031    4
2032    4
2033    4
2034    4
2035    4
2036    4
2037    4
2038    4
2039    4
2040    4
2041    4
2042    4
2043    4
2044    4
2045    4
2046    4
2047    4
2048    4
2049    4
2050    4
2051    4
2052    4
2053    4
2054    4
2055    4
2056    4
2057    4
2058    4
2059    4
2060    4
2061    4
2062    4
2063    4
2064    4
2065    4
2066    4
2067    4
2068    4
2069    4
2070    4
2071    4
2072    4
2073    4
2074    4
2075    4
2076    4
2077    4
2078    4
2079    4
2080    4
2081    4
2082    4
2083    4
2084    4
2085    4
2086    4
2087    4
2088    4
2089    4
2090    4
2091    4
2092    4
2093    4
2094    4
2095    4
2096    4
2097    4
2098    4
2099    4
2100    4
2101    4
2102    4
2103    4
2104    4
2105    4
2106    4
2107    4
2108    4
2109    4
2110    4
2111    4
2112    4
2113    4
2114    4
2115    4
2116    4
2117    4
2118    4
2119    4
2120    4
2121    4
2122    4
2123    4
2124    4
2125    4
2126    4
2127    4
2128    3
2129    3
2130    3
2131    3
2132    3
2133    3
2134    3
2135    3
2136    3
2137    3
2138    3
2139    3
2140    3
2141    3
2142    3
2143    3
2144    3
2145    3
2146    3
2147    3
2148    3
2149    3
2150    3
2151    3
2152    3
2153    3
2154    3
2155    3
2156    3
2157    3
2158    3
2159    3
2160    3
2161    3
2162    3
2163    3
2164    3
2165    3
2166    3
2167    3
2168    3
2169    3
2170    3
2171    3
2172    3
2173    3
2174    3
2175    3
2176    3
2177    3
2178    3
2179    3
2180    3
2181    3
2182    3
2183    3
2184    3
2185    3
2186    3
2187    3
2188    3
2189    3
2190    3
2191    3
2192    3
2193    3
2194    3
2195    3
2196    3
2197    3
2198    3
2199    3
2200    3
2201    3
2202    3
2203    3
2204    3
2205    3
2206    3
2207    3
2208    3
2209    3
2210    3
2211    3
2212    3
2213    3
2214    3
2215    3
2216    3
2217    3
2218    3
2219    3
2220    3
2221    3
2222    3
2223    3
2224    3
2225    3
2226    3
2227    3
2228    3
2229    3
2230    3
2231    3
2232    3
2233    3
2234    3
2235    3
2236    3
2237    3
2238    3
2239    3
2240    3
2241    3
2242    3
2243    3
2244    3
2245    3
2246    3
2247    3
2248    3
2249    3
2250    3
2251    3
2252    3
2253    3
2254    3
2255    3
2256    3
2257    3
2258    3
2259    3
2260    3
2261    3
2262    3
2263    3
2264    3
2265    3
2266    3
2267    3
2268    3
2269    3
2270    3
2271    3
2272    3
2273    3
2274    3
2275    3
2276    3
2277    3
2278    3
2279    3
2280    2
2281    2
2282    2
2283    2
2284    2
2285    2
2286    2
2287    2
2288    2
2289    2
2290    2
2291    2
2292    2
2293    2
2294    2
2295    2
2296    2
2297    2
2298    2
2299    2
2300    2
2301    2
2302    2
2303    2
2304    2
2305    2
2306    2
2307    2
2308    2
2309    2
2310    2
2311    2
2312    2
2313    2
2314    2
2315    2
2316    2
2317    2
2318    2
2319    2
2320    2
2321    2
2322    2
2323    2
2324    2
2325    2
2326    2
2327    2
2328    2
2329    2
2330    2
2331    2
2332    2
2333    2
2334    2
2335    2
2336    2
2337    2
2338    2
2339    2
2340    2
2341    2
2342    2
2343    2
2344    2
2345    2
2346    2
2347    2
2348    2
2349    2
2350    2
2351    2
2352    2
2353    2
2354    2
2355    2
2356    2
2357    2
2358    2
2359    2
2360    2
2361    2
2362    2
2363    2
2364    2
2365    2
2366    2
2367    2
2368    2
2369    2
2370    2
2371    2
2372    2
2373    2
2374    2
2375    2
2376    2
2377    2
2378    2
2379    2
2380    2
2381    2
2382    2
2383    2
2384    2
2385    2
2386    2
2387    2
2388    2
2389    2
2390    2
2391    2
2392    2
2393    2
2394    2
2395    2
2396    2
2397    2
2398    2
2399    2
2400    2
2401    2
2402    2
2403    2
2404    2
2405    2
2406    2
2407    2
2408    2
2409    2
2410    2
2411    2
2412    2
2413    2
2414    2
2415    2
2416    2
2417    2
2418    2
2419    2
2420    2
2421    2
2422    2
2423    2
2424    2
2425    2
2426    2
2427    2
2428    2
2429    2
2430    2
2431    2
2432    2
2433    2
2434    2
2435    2
2436    2
2437    2
2438    2
2439    2
2440    2
2441    2
2442    2
2443    2
2444    2
2445    2
2446    2
2447    2
2448    2
2449    2
2450    2
2451    2
2452    2
2453    2
2454    2
2455    2
2456    2
2457    2
2458    2
2459    2
2460    2
2461    2
2462    2
2463    2
2464    2
2465    2
2466    2
2467    2
2468    2
2469    2
2470    2
2471    2
2472    2
2473    2
2474    2
2475    2
2476    2
2477    2
2478    2
2479    2
2480    2
2481    2
2482    2
2483    2
2484    2
2485    2
2486    2
2487    2
2488    2
2489    2
2490    2
2491    2
2492    2
2493    2
2494    2
2495    2
2496    2
2497    2
2498    2
2499    2
2500    2
2501    2
2502    2
2503    2
2504    2
2505    2
2506    2
2507    2
2508    2
2509    2
2510    2
2511    2
2512    2
2513    2
2514    2
2515    2
2516    2
2517    2
2518    2
2519    2
2520    2
2521    2
2522    2
2523    2
2524    2
2525    2
2526    2
2527    2
2528    2
2529    2
2530    2
2531    2
2532    2
2533    2
2534    2
2535    2
2536    2
2537    2
2538    2
2539    2
2540    2
2541    2
2542    2
2543    2
2544    2
2545    2
2546    2
2547    2
2548    2
2549    2
2550    2
2551    2
2552    2
2553    2
2554    2
2555    2
2556    2
2557    2
2558    2
2559    2
2560    2
2561    2
2562    2
2563    2
2564    2
2565    2
2566    2
2567    2
2568    2
2569    2
2570    2
2571    2
2572    2
2573    2
2574    2
2575    2
2576    2
2577    2
2578    2
2579    2
2580    2
2581    2
2582    2
2583    2
2584    2
2585    2
2586    2
2587    2
2588    2
2589    2
2590    2
2591    2
2592    2
2593    2
2594    2
2595    2
2596    2
2597    2
2598    2
2599    2
2600    2
2601    2
2602    2
2603    2
2604    2
2605    2
2606    2
2607    2
2608    2
2609    2
2610    2
2611    2
2612    2
2613    2
2614    2
2615    2
2616    2
2617    2
2618    2
2619    2
2620    2
2621    2
2622    2
2623    2
2624    2
2625    2
2626    2
2627    2
2628    2
2629    2
2630    2
2631    2
2632    2
2633    2
2634    2
2635    2
2636    2
2637    2
2638    2
2639    2
2640    2
2641    2
2642    2
2643    2
2644    2
2645    2
2646    2
2647    2
2648    2
2649    2
2650    2
2651    2
2652    2
2653    2
2654    2
2655    2
2656    2
2657    2
2658    2
2659    2
2660    2
2661    2
2662    2
2663    2
2664    2
2665    2
2666    2
2667    2
2668    2
2669    2
2670    2
2671    2
2672    2
2673    2
2674    2
2675    2
2676    2
2677    2
2678    2
2679    2
2680    2
2681    2
2682    2
2683    2
2684    2
2685    2
2686    2
2687    2
2688    2
2689    2
2690    2
2691    2
2692    2
2693    2
2694    2
2695    2
2696    2
2697    2
2698    2
2699    2
2700    2
2701    2
2702    2
2703    2
2704    2
2705    2
2706    2
2707    2
2708    2
2709    2
2710    2
2711    2
2712    2
2713    2
2714    2
2715    2
2716    2
2717    2
2718    2
2719    2
2720    2
2721    2
2722    2
2723    2
2724    2
2725    2
2726    2
2727    2
2728    2
2729    2
2730    2
2731    2
2732    2
2733    2
2734    2
2735    2
2736    2
2737    2
2738    2
2739    2
2740    2
2741    2
2742    2
2743    2
2744    2
2745    2
2746    2
2747    2
2748    2
2749    2
2750    2
2751    2
2752    2
2753    2
2754    2
2755    2
2756    2
2757    2
2758    2
2759    2
2760    2
2761    2
2762    2
2763    2
2764    2
2765    2
2766    2
2767    2
2768    2
2769    2
2770    2
2771    2
2772    2
2773    2
2774    2
2775    2
2776    2
2777    2
2778    2
2779    2
2780    2
2781    2
2782    2
2783    2
2784    2
2785    2
2786    2
2787    2
2788    2
2789    2
2790    2
2791    2
2792    2
2793    2
2794    2
2795    2
2796    2
2797    2
2798    2
2799    2
2800    2
2801    2
2802    2
2803    2
2804    2
2805    2
2806    2
2807    2
2808    2
2809    2
2810    2
2811    2
2812    2
2813    2
2814    2
2815    2
2816    2
2817    2
2818    2
2819    2
2820    2
2821    2
2822    2
2823    2
2824    2
2825    2
2826    2
2827    2
2828    2
2829    2
2830    2
2831    2
2832    2
2833    2
2834    2
2835    2
2836    2
2837    2
2838    2
2839    2
2840    2
2841    2
2842    2
2843    2
2844    2
2845    2
2846    2
2847    2
2848    2
2849    2
2850    2
2851    2
2852    2
2853    2
2854    2
2855    2
2856    2
2857    2
2858    2
2859    2
2860    2
2861    2
2862    2
2863    2
2864    2
2865    2
2866    2
2867    2
2868    2
2869    2
2870    2
2871    2
2872    2
2873    2
2874    2
2875    2
2876    2
2877    2
2878    2
2879    2
2880    2
2881    2
2882    2
2883    2
2884    2
2885    2
2886    2
2887    2
2888    2
2889    2
2890    2
2891    2
2892    2
2893    2
2894    2
2895    2
2896    2
2897    2
2898    2
2899    2
2900    2
2901    2
2902    2
2903    2
2904    2
2905    2
2906    2
2907    2
2908    2
2909    2
2910    2
2911    2
2912    2
2913    2
2914    2
2915    2
2916    2
2917    2
2918    2
2919    2
2920    2
2921    2
2922    2
2923    2
2924    2
2925    2
2926    2
2927    2
2928    2
2929    2
2930    2
2931    2
2932    2
2933    2
2934    2
2935    2
2936    2
2937    2
2938    2
2939    2
2940    2
2941    2
2942    2
2943    1
2944    1
2945    1
2946    1
2947    1
2948    1
2949    1
2950    1
2951    1
2952    1
2953    1
2954    1
2955    1
2956    1
2957    1
2958    1
2959    1
2960    1
2961    1
2962    1
2963    1
2964    1
2965    1
2966    1
2967    1
2968    1
2969    1
2970    1
2971    1
2972    1
2973    1
2974    1
2975    1
2976    1
2977    1
2978    1
2979    1
2980    1
2981    1
2982    1
2983    1
2984    1
2985    1
2986    1
2987    1
2988    1
2989    1
2990    1
2991    1
2992    1
2993    1
2994    1
2995    1
2996    1
2997    1
2998    1
2999    1
3000    1
3001    1
3002    1
3003    1
3004    0
3005    0
3006    0
3007    0
3008    0
3009    0
3010    0
3011    0
3012    0
3013    0
3014    0
3015    0
3016    0
3017    0
3018    0
3019    0
3020    0
3021    0
3022    0
3023    0
3024    0
3025    0
3026    0
3027    0
3028    0
3029    0
3030    0
3031    0
3032    0
3033    0
3034    0
3035    0
3036    0
3037    0
3038    0
3039    0
3040    0
3041    0
3042    0
3043    0
3044    0
3045    0
3046    0
3047    0
3048    0
3049    0
3050    0
3051    0
3052    0
3053    0
3054    0
3055    0
3056    0
3057    0
3058    0
3059    0
3060    0
3061    0
3062    0
3063    0
3064    0
3065    0
3066    0
3067    0
3068    0
3069    0
3070    0
3071    0
3072    0
3073    0
3074    0
3075    0
3076    0
3077    0
3078    0
3079    0
3080    0
3081    0
3082    0
3083    0
3084    0
3085    0
3086    0
3087    0
3088    0
3089    0
3090    0
3091    0
3092    0
3093    0
3094    0
3095    0
3096    0
3097    0
3098    0
3099    0
3100    0
3101    0
3102    0
3103    0
3104    0
3105    0
3106    0
3107    0
3108    0
3109    0
3110    0
3111    0
3112    0
3113    0
3114    0
3115    0
3116    0
3117    0
3118    0
3119    0
3120    0
3121    0
3122    0
3123    0
3124    0
3125    0
3126    0
3127    0
3128    0
3129    0
3130    0
3131    0
3132    0
3133    0
3134    0
3135    0
3136    0
3137    0
3138    0
3139    0
3140    0
3141    0
3142    0
3143    0
3144    0
3145    0
3146    0
3147    0
3148    0
3149    0
3150    0
3151    0
3152    0
3153    0
3154    0
3155    0
3156    0
3157    0
3158    0
3159    0
3160    0
3161    0
3162    0
3163    0
3164    0
3165    0
3166    0
3167    0
3168    0
3169    0
3170    0
3171    0
3172    0
3173    0
3174    0
3175    0
3176    0
3177    0
3178    0
3179    0
3180    0
3181    0
3182    0
3183    0
3184    0
3185    0
3186    0
3187    0
3188    0
3189    0
3190    0
3191    0
3192    0
3193    0
3194    0
3195    0
3196    0
3197    0
3198    0
3199    0
3200    0
3201    0
3202    0
3203    0
3204    0
3205    0
3206    0
3207    0
3208    0
3209    0
3210    0
3211    0
3212    0
3213    0
3214    0
3215    0
3216    0
3217    0
3218    0
3219    0
3220    0
3221    0
3222    0
3223    0
3224    0
3225    0
3226    0
3227    0
3228    0
3229    0
3230    0
3231    0
3232    0
3233    0
3234    0
3235    0
3236    0
3237    0
3238    0
3239    0
3240    0
3241    0
3242    0
3243    0
3244    0
3245    0
3246    0
3247    0
3248    0
3249    0
3250    0
3251    0
3252    0
3253    0
3254    0
3255    0
3256    0
3257    0
3258    0
3259    0
3260    0
3261    0
3262    0
3263    0
3264    0
3265    0
3266    0
3267    0
3268    0
3269    0
3270    0
3271    0
3272    0
3273    0
3274    0
3275    0
3276    0
3277    0
3278    0
3279    0
3280    0
3281    0
3282    0
3283    0
3284    0
3285    0
3286    0
3287    0
3288    0
3289    0
3290    0
3291    0
3292    0
3293    0
3294    0
3295    0
3296    0
3297    0
3298    0
3299    0
3300    0
3301    0
3302    0
3303    0
3304    0
3305    0
3306    0
3307    0
3308    0
3309    0
3310    0
3311    0
3312    0
3313    0
3314    0
3315    0
3316    0
3317    0
3318    0
3319    0
3320    0
3321    0
3322    0
3323    0
3324    0
3325    0
3326    0
3327    0
3328    0
3329    0
3330    0
3331    0
3332    0
3333    0
3334    0
3335    0
3336    0
3337    0
3338    0
3339    0
3340    0
3341    0
3342    0
3343    0
3344    0
3345    0
3346    0
3347    0
3348    0
3349    0
3350    0
3351    0
3352    0
3353    0
3354    0
3355    0
3356    0
3357    0
3358    0
3359    0
3360    0
3361    0
3362    0
3363    0
3364    0
3365    0
3366    0
3367    0
3368    0
3369    0
3370    0
3371    0
3372    0
3373    0
3374    0
3375    0
3376    0
3377    0
3378    0
3379    0
3380    0
3381    0
3382    0
3383    0
3384    0
3385    0
3386    0
3387    0
3388    0
3389    0
3390    0
3391    0
3392    0
3393    0
3394    0
3395    0
3396    0
3397    0
3398    0
3399    0
3400    0
3401    0
3402    0
3403    0
3404    0
3405    0
3406    0
3407    0
3408    0
3409    0
3410    0
3411    0
3412    0
3413    0
3414    0
3415    0
3416    0
3417    0
3418    0
3419    0
3420    0
3421    0
3422    0
3423    0
3424    0
3425    0
3426    0
3427    0
3428    0
3429    0
3430    0
3431    0
3432    0
3433    0
3434    0
3435    0
3436    0
3437    0
3438    0
3439    0
3440    0
3441    0
3442    0
3443    0
3444    0
3445    0
3446    0
3447    0
3448    0
3449    0
3450    0
3451    0
3452    0
3453    0
3454    0
3455    0
3456    0
3457    0
3458    0
3459    0
3460    0
3461    0
3462    0
3463    0
3464    0
3465    0
3466    0
3467    0
3468    0
3469    0
3470    0
3471    0
3472    0
3473    0
3474    0
3475    0
3476    0
3477    0
3478    0
3479    0
3480    0
3481    0
3482    0
3483    0
3484    0
3485    0
3486    0
3487    0
3488    0
3489    0
3490    0
3491    0
3492    0
3493    0
3494    0
3495    0
3496    0
3497    0
3498    0
3499    0
3500    0
3501    0
3502    0
3503    0
3504    0
3505    0
3506    0
3507    0
3508    0
3509    0
3510    0
3511    0
3512    0
3513    0
3514    0
3515    0
3516    0
3517    0
3518    0
3519    0
3520    0
3521    0
3522    0
3523    0
3524    0
3525    0
3526    0
3527    0
3528    0
3529    0
3530    0
3531    0
3532    0
3533    0
3534    0
3535    0
3536    0
3537    0
3538    0
3539    0
3540    0
3541    0
3542    0
3543    0
3544    0
3545    0
3546    0
3547    0
3548    0
3549    0
3550    0
3551    0
3552    0
3553    0
3554    0
3555    0
3556    0
3557    0
3558    0
3559    0
3560    0
3561    0
3562    0
3563    0
3564    0
3565    0
3566    0
3567    0
3568    0
3569    0
3570    0
3571    0
3572    0
3573    0
3574    0
3575    0
3576    0
3577    0
3578    0
3579    0
3580    0
3581    0
3582    0
3583    0
3584    0
3585    0
3586    0
3587    0
3588    0
3589    0
3590    0
3591    0
3592    0
3593    0
3594    0
3595    0
3596    0
3597    0
3598    0
3599    0
3600    0
3601    0
3602    0
3603    0
3604    0
3605    0
3606    0
3607    0
3608    0
3609    0
3610    0
3611    0
3612    0
3613    0
3614    0
3615    0
3616    0
3617    0
3618    0
3619    0
3620    0
3621    0
3622    0
3623    0
3624    0
3625    0
3626    0
3627    0
3628    0
3629    0
3630    0
3631    0
3632    0
3633    0
3634    0
3635    0
3636    0
3637    0
3638    0
3639    0
3640    0
3641    0
3642    0
3643    0
3644    0
3645    0
3646    0
3647    0
3648    0
3649    0
3650    0
3651    0
3652    0
3653    0
3654    0
3655    0
3656    0
3657    0
3658    0
3659    0
3660    0
3661    0
3662    0
3663    0
3664    0
3665    0
3666    0
3667    0
3668    0
3669    0
3670    0
3671    0
3672    0
3673    0
3674    0
3675    0
3676    0
3677    0
3678    0
3679    0
3680    0
3681    0
3682    0
3683    0
3684    0
3685    0
3686    0
3687    0
3688    0
3689    0
3690    0
3691    0
3692    0
3693    0
3694    0
3695    0
3696    0
3697    0
3698    0
3699    0
3700    0
3701    0
3702    0
3703    0
3704    0
3705    0
3706    0
3707    0
3708    0
3709    0
3710    0
3711    0
3712    0
3713    0
3714    0
3715    0
3716    0
3717    0
3718    0
3719    0
3720    0
3721    0
3722    0
3723    0
3724    0
3725    0
3726    0
3727    0
3728    0
3729    0
3730    0
3731    0
3732    0
3733    0
3734    0
3735    0
3736    0
3737    0
3738    0
3739    0
3740    0
3741    0
3742    0
3743    0
3744    0
3745    0
3746    0
3747    0
3748    0
3749    0
3750    0
3751    0
3752    0
3753    0
3754    0
3755    0
3756    0
3757    0
3758    0
3759    0
3760    0
3761    0
3762    0
3763    0
3764    0
3765    0
3766    0
3767    0
3768    0
3769    0
3770    0
3771    0
3772    0
3773    0
3774    0
3775    0
3776    0
3777    0
3778    0
3779    0
3780    0
3781    0
3782    0
3783    0
3784    0
3785    0
3786    0
3787    0
3788    0
3789    0
3790    0
3791    0
3792    0
3793    0
3794    0
3795    0
3796    0
3797    0
3798    0
3799    0
3800    0
3801    0
3802    0
3803    0
3804    0
3805    0
3806    0
3807    0
3808    0
3809    0
3810    0
3811    0
3812    0
3813    0
3814    0
3815    0
3816    0
3817    0
3818    0
3819    0
3820    0
3821    0
3822    0
3823    0
3824    0
3825    0
3826    0
3827    0
3828    0
3829    0
3830    0
3831    0
3832    0
3833    0
3834    0
3835    0
3836    0
3837    0
3838    0
3839    0
3840    0
3841    0
3842    0
3843    0
3844    0
3845    0
3846    0
3847    0
3848    0
3849    0
3850    0
3851    0
3852    0
3853    0
3854    0
3855    0
3856    0
3857    0
3858    0
3859    0
3860    0
3861    0
3862    0
3863    0
3864    0
3865    0
3866    0
3867    0
3868    0
3869    0
3870    0
3871    0
3872    0
3873    0
3874    0
3875    0
3876    0
3877    0
3878    0
3879    0
3880    0
3881    0
3882    0
3883    0
3884    0
3885    0
3886    0
3887    0
3888    0
3889    0
3890    0
3891    0
3892    0
3893    0
3894    0
3895    0
3896    0
3897    0
3898    0
3899    0
3900    0
3901    0
3902    0
3903    0
3904    0
3905    0
3906    0
3907    0
3908    0
3909    0
3910    0
3911    0
3912    0
3913    0
3914    0
3915    0
3916    0
3917    0
3918    0
3919    0
3920    0
3921    0
3922    0
3923    0
3924    0
3925    0
3926    0
3927    0
3928    0
3929    0
3930    0
3931    0
3932    0
3933    0
3934    0
3935    0
3936    0
3937    0
3938    0
3939    0
3940    0
3941    0
3942    0
3943    0
3944    0
3945    0
3946    0
3947    0
3948    0
3949    0
3950    0
3951    0
3952    0
3953    0
3954    0
3955    0
3956    0
3957    0
3958    0
3959    0
3960    0
3961    0
3962    0
3963    0
3964    0
3965    0
3966    0
3967    0
3968    0
3969    0
3970    0
3971    0
3972    0
3973    0
3974    0
3975    0
3976    0
3977    0
3978    0
3979    0
3980    0
3981    0
3982    0
3983    0
3984    0
3985    0
3986    0
3987    0
3988    0
3989    0
3990    0
3991    0
3992    0
3993    0
3994    0
3995    0
3996    0
3997    0
3998    0
3999    0
4000    0
4001    0
4002    0
4003    0
4004    0
4005    0
4006    0
4007    0
4008    0
4009    0
4010    0
4011    0
4012    0
4013    0
4014    0
4015    0
4016    0
4017    0
4018    0
4019    0
4020    0
4021    0
4022    0
4023    0
4024    0
4025    0
4026    0
4027    0
4028    0
4029    0
4030    0
4031    0
4032    0
4033    0
4034    0
4035    0
4036    0
4037    0
4038    0
4039    0
4040    0
4041    0
4042    0
4043    0
4044    0
4045    0
4046    0
4047    0
4048    0
4049    0
4050    0
4051    0
4052    0
4053    0
4054    0
4055    0
4056    0
4057    0
4058    0
4059    0
4060    0
4061    0
4062    0
4063    0
4064    0
4065    0
4066    0
4067    0
4068    0
4069    0
4070    0
4071    0
4072    0
4073    0
4074    0
4075    0
4076    0
4077    0
4078    0
4079    0
4080    0
4081    0
4082    0
4083    0
4084    0
4085    0
4086    0
4087    0
4088    0
4089    0
4090    0
4091    0
4092    0
4093    0
4094    0
4095    0
4096    0
4097    0
4098    0
4099    0
4100    0
4101    0
4102    0
4103    0
4104    0
4105    0
4106    0
4107    0
4108    0
4109    0
4110    0
4111    0
4112    0
4113    0
4114    0
4115    0
4116    0
4117    0
4118    0
4119    0
4120    0
4121    0
4122    0
4123    0
4124    0
4125    0
4126    0
4127    0
4128    0
4129    0
4130    0
4131    0
4132    0
4133    0
4134    0
4135    0
4136    0
4137    0
4138    0
4139    0
4140    0
4141    0
4142    0
4143    0
4144    0
4145    0
4146    0
4147    0
4148    0
4149    0
4150    0
4151    0
4152    0
4153    0
4154    0
4155    0
4156    0
4157    0
4158    0
4159    0
4160    0
4161    0
4162    0
4163    0
4164    0
4165    0
4166    0
4167    0
4168    0
4169    0
4170    0
4171    0
4172    0
4173    0
4174    0
4175    0
4176    0
4177    0
4178    0
4179    0
4180    0
4181    0
4182    0
4183    0
4184    0
4185    0
4186    0
4187    0
4188    0
4189    0
4190    0
4191    0
4192    0
4193    0
4194    0
4195    0
4196    0
4197    0
4198    0
4199    0
4200    0
4201    0
4202    0
4203    0
4204    0
4205    0
4206    0
4207    0
4208    0
4209    0
4210    0
4211    0
4212    0
4213    0
4214    0
4215    0
4216    0
4217    0
4218    0
4219    0
4220    0
4221    0
4222    0
4223    0
4224    0
4225    0
4226    0
4227    0
4228    0
4229    0
4230    0
4231    0
4232    0
4233    0
4234    0
4235    0
4236    0
4237    0
4238    0
4239    0
4240    0
4241    0
4242    0
4243    0
4244    0
4245    0
4246    0
4247    0
4248    0
4249    0
4250    0
4251    0
4252    0
4253    0
4254    0
4255    0
4256    0
4257    0
4258    0
4259    0
4260    0
4261    0
4262    0
4263    0
4264    0
4265    0
4266    0
4267    0
4268    0
4269    0
4270    0
4271    0
4272    0
4273    0
4274    0
4275    0
4276    0
4277    0
4278    0
4279    0
4280    0
4281    0
4282    0
4283    0
4284    0
4285    0
4286    0
4287    0
4288    0
4289    0
4290    0
4291    0
4292    0
4293    0
4294    0
4295    0
4296    0
4297    0
4298    0
4299    0
4300    0
4301    0
4302    0
4303    0
4304    0
4305    0
4306    0
4307    0
4308    0
4309    0
4310    0
4311    0
4312    0
4313    0
4314    0
4315    0
4316    0
4317    0
4318    0
4319    0
4320    0
4321    0
4322    0
4323    0
4324    0
4325    0
4326    0
4327    0
4328    0
4329    0
4330    0
4331    0
4332    0
4333    0
4334    0
4335    0
4336    0
4337    0
4338    0
4339    0
4340    0
4341    0
4342    0
4343    0
4344    0
4345    0
4346    0
4347    0
4348    0
4349    0
4350    0
4351    0
4352    0
4353    0
4354    0
4355    0
4356    0
4357    0
4358    0
4359    0
4360    0
4361    0
4362    0
4363    0
4364    0
4365    0
4366    0
4367    0
4368    0
4369    0
4370    0
4371    0
4372    0
4373    0
4374    0
4375    0
4376    0
4377    0
4378    0
4379    0
4380    0
4381    0
4382    0
4383    0
4384    0
4385    0
4386    0
4387    0
4388    0
4389    0
4390    0
4391    0
4392    0
4393    0
4394    0
4395    0
4396    0
4397    0
4398    0
4399    0
4400    0
4401    0
4402    0
4403    0
4404    0
4405    0
4406    0
4407    0
4408    0
4409    0
4410    0
4411    0
4412    0
4413    0
4414    0
4415    0
4416    0
4417    0
4418    0
4419    0
4420    0
4421    0
4422    0
4423    0
4424    0
4425    0
4426    0
4427    0
4428    0
4429    0
4430    0
4431    0
4432    0
4433    0
4434    0
4435    0
4436    0
4437    0
4438    0
4439    0
4440    0
4441    0
4442    0
4443    0
4444    0
4445    0
4446    0
4447    0
4448    0
4449    0
4450    0
4451    0
4452    0
4453    0
4454    0
4455    0
4456    0
4457    0
4458    0
4459    0
4460    0
4461    0
4462    0
4463    0
4464    0
4465    0
4466    0
4467    0
4468    0
4469    0
4470    0
4471    0
4472    0
4473    0
4474    0
4475    0
4476    0
4477    0
4478    0
4479    0
4480    0
4481    0
4482    0
4483    0
4484    0
4485    0
4486    0
4487    0
4488    0
4489    0
4490    0
4491    0
4492    0
4493    0
4494    0
4495    0
4496    0
4497    0
4498    0
4499    0
4500    0
4501    0
4502    0
4503    0
4504    0
4505    0
4506    0
4507    0
4508    0
4509    0
4510    0
4511    0
4512    0
4513    0
4514    0
4515    0
4516    0
4517    0
4518    0
4519    0
4520    0
4521    0
4522    0
4523    0
4524    0
4525    0
4526    0
4527    0
4528    0
4529    0
4530    0
4531    0
4532    0
4533    0
4534    0
4535    0
4536    0
4537    0
4538    0
4539    0
4540    0
4541    0
4542    0
4543    0
4544    0
4545    0
4546    0
4547    0
4548    0
4549    0
4550    0
4551    0
4552    0
4553    0
4554    0
4555    0
4556    0
4557    0
4558    0
4559    0
4560    0
4561    0
4562    0
4563    0
4564    0
4565    0
4566    0
4567    0
4568    0
4569    0
4570    0
4571    0
4572    0
4573    0
4574    0
4575    0
4576    0
4577    0
4578    0
4579    0
4580    0
4581    0
4582    0
4583    0
4584    0
4585    0
4586    0
4587    0
4588    0
4589    0
4590    0
4591    0
4592    0
4593    0
4594    0
4595    0
4596    0
4597    0
4598    0
4599    0
4600    0
4601    0
4602    0
4603    0
4604    0
4605    0
4606    0
4607    0
4608    0
4609    0
4610    0
4611    0
4612    0
4613    0
4614    0
4615    0
4616    0
4617    0
4618    0
4619    0
4620    0
4621    0
4622    0
4623    0
4624    0
4625    0
4626    0
4627    0
4628    0
4629    0
4630    0
4631    0
4632    0
4633    0
4634    0
4635    0
4636    0
4637    0
4638    0
4639    0
4640    0
4641    0
4642    0
4643    0
4644    0
4645    0
4646    0
4647    0
4648    0
4649    0
4650    0
4651    0
4652    0
4653    0
4654    0
4655    0
4656    0
4657    0
4658    0
4659    0
4660    0
4661    0
4662    0
4663    0
4664    0
4665    0
4666    0
4667    0
4668    0
4669    0
4670    0
4671    0
4672    0
4673    0
4674    0
4675    0
4676    0
4677    0
4678    0
4679    0
4680    0
4681    0
4682    0
4683    0
4684    0
4685    0
4686    0
4687    0
4688    0
4689    0
4690    0
4691    0
4692    0
4693    0
4694    0
4695    0
4696    0
4697    0
4698    0
4699    0
4700    0
4701    0
4702    0
4703    0
4704    0
4705    0
4706    0
4707    0
4708    0
4709    0
4710    0
4711    0
4712    0
4713    0
4714    0
4715    0
4716    0
4717    0
4718    0
4719    0
4720    0
4721    0
4722    0
4723    0
4724    0
4725    0
4726    0
4727    0
4728    0
4729    0
4730    0
4731    0
4732    0
4733    0
4734    0
4735    0
4736    0
4737    0
4738    0
4739    0
4740    0
4741    0
4742    0
4743    0
4744    0
4745    0
4746    0
4747    0
4748    0
4749    0
4750    0
4751    0
4752    0
4753    0
4754    0
4755    0
4756    0
4757    0
4758    0
4759    0
4760    0
4761    0
4762    0
4763    0
4764    0
4765    0
4766    0
4767    0
4768    0
4769    0
4770    0
4771    0
4772    0
4773    0
4774    0
4775    0
4776    0
4777    0
4778    0
4779    0
4780    0
4781    0
4782    0
4783    0
4784    0
4785    0
4786    0
4787    0
4788    0
4789    0
4790    0
4791    0
4792    0
4793    0
4794    0
4795    0
4796    0
4797    0
4798    0
4799    0
4800    0
4801    0
4802    0
4803    0
4804    0
4805    0
4806    0
4807    0
4808    0
4809    0
4810    0
4811    0
4812    0
4813    0
4814    0
4815    0
4816    0
4817    0
4818    0
4819    0
4820    0
4821    0
4822    0
4823    0
4824    0
4825    0
4826    0
4827    0
4828    0
4829    0
4830    0
4831    0
4832    0
4833    0
4834    0
4835    0
4836    0
4837    0
4838    0
4839    0
4840    0
4841    0
4842    0
4843    0
4844    0
4845    0
4846    0
4847    0
4848    0
4849    0
4850    0
4851    0
4852    0
4853    0
4854    0
4855    0
4856    0
4857    0
4858    0
4859    0
4860    0
4861    0
4862    0
4863    0
4864    0
4865    0
4866    0
4867    0
4868    0
4869    0
4870    0
4871    0
4872    0
4873    0
4874    0
4875    0
4876    0
4877    0
4878    0
4879    0
4880    0
4881    0
4882    0
4883    0
4884    0
4885    0
4886    0
4887    0
4888    0
4889    0
4890    0
4891    0
4892    0
4893    0
4894    0
4895    0
4896    0
4897    0
4898    0
4899    0
4900    0
4901    0
4902    0
4903    0
4904    0
4905    0
4906    0
4907    0
4908    0
4909    0
4910    0
4911    0
4912    0
4913    0
4914    0
4915    0
4916    0
4917    0
4918    0
4919    0
4920    0
4921    0
4922    0
4923    0
4924    0
4925    0
4926    0
4927    0
4928    0
4929    0
4930    0
4931    0
4932    0
4933    0
4934    0
4935    0
4936    0
4937    0
4938    0
4939    0
4940    0
4941    0
4942    0
4943    0
4944    0
4945    0
4946    0
4947    0
4948    0
4949    0
4950    0
4951    0
4952    0
4953    0
4954    0
4955    0
4956    0
4957    0
4958    0
4959    0
4960    0
4961    0
4962    0
4963    0
4964    0
4965    0
4966    0
4967    0
4968    0
4969    0
4970    0
4971    0
4972    0
4973    0
4974    0
4975    0
4976    0
4977    0
4978    0
4979    0
4980    0
4981    0
4982    0
4983    0
4984    0
4985    0
4986    0
4987    0
4988    0
4989    0
4990    0
4991    0
4992    0
4993    0
4994    0
4995    0
4996    0
4997    0
4998    0
4999    0
5000    0
5001    0
5002    0
5003    0
5004    0
5005    0
5006    0
5007    0
5008    0
5009    0
5010    0
5011    0
5012    0
5013    0
5014    0
5015    0
5016    0
5017    0
5018    0
5019    0
5020    0
5021    0
5022    0
5023    0
5024    0
5025    0
5026    0
5027    0
5028    0
5029    0
5030    0
5031    0
5032    0
5033    0
5034    0
5035    0
5036    0
5037    0
5038    0
5039    0
5040    0
5041    0
5042    0
5043    0
5044    0
5045    0
5046    0
5047    0
5048    0
5049    0
5050    0
5051    0
5052    0
5053    0
5054    0
5055    0
5056    0
5057    0
5058    0
5059    0
5060    0
5061    0
5062    0
5063    0
5064    0
5065    0
5066    0
5067    0
5068    0
5069    0
5070    0
5071    0
5072    0
5073    0
5074    0
5075    0
5076    0
5077    0
5078    0
5079    0
5080    0
5081    0
5082    0
5083    0
5084    0
5085    0
5086    0
5087    0
5088    0
5089    0
5090    0
5091    0
5092    0
5093    0
5094    0
5095    0
5096    0
5097    0
5098    0
5099    0
5100    0
5101    0
5102    0
5103    0
5104    0
5105    0
5106    0
5107    0
5108    0
5109    0
5110    0
5111    0
5112    0
5113    0
5114    0
5115    0
5116    0
5117    0
5118    0
5119    0
5120    0
5121    0
5122    0
5123    0
5124    0
5125    0
5126    0
5127    0
5128    0
5129    0
5130    0
5131    0
5132    0
5133    0
5134    0
5135    0
5136    0
5137    0
5138    0
5139    0
5140    0
5141    0
5142    0
5143    0
5144    0
5145    0
5146    0
5147    0
5148    0
5149    0
5150    0
5151    0
5152    0
5153    0
5154    0
5155    0
5156    0
5157    0
5158    0
5159    0
5160    0
5161    0
5162    0
5163    0
5164    0
5165    0
5166    0
5167    0
5168    0
5169    0
5170    0
5171    0
5172    0
5173    0
5174    0
5175    0
5176    0
5177    0
5178    0
5179    0
5180    0
5181    0
5182    0
5183    0
5184    0
5185    0
5186    0
5187    0
5188    0
5189    0
5190    0
5191    0
5192    0
5193    0
5194    0
5195    0
5196    0
5197    0
5198    0
5199    0
5200    0
5201    0
5202    0
5203    0
5204    0
5205    0
5206    0
5207    0
5208    0
5209    0
5210    0
5211    0
5212    0
5213    0
5214    0
5215    0
5216    0
5217    0
5218    0
5219    0
5220    0
5221    0
5222    0
5223    0
5224    0
5225    0
5226    0
5227    0
5228    0
5229    0
5230    0
5231    0
5232    0
5233    0
5234    0
5235    0
5236    0
5237    0
5238    0
5239    0
5240    0
5241    0
5242    0
5243    0
5244    0
5245    0
5246    0
5247    0
5248    0
5249    0
5250    0
5251    0
5252    0
5253    0
5254    0
5255    0
5256    0
5257    0
5258    0
5259    0
5260    0
5261    0
5262    0
5263    0
5264    0
5265    0
5266    0
5267    0
5268    0
5269    0
5270    0
5271    0
5272    0
5273    0
5274    0
5275    0
5276    0
5277    0
5278    0
5279    0
5280    0
5281    0
5282    0
5283    0
5284    0
5285    0
5286    0
5287    0
5288    0
5289    0
5290    0
5291    0
5292    0
5293    0
5294    0
5295    0
5296    0
5297    0
5298    0
5299    0
5300    0
5301    0
5302    0
5303    0
5304    0
5305    0
5306    0
5307    0
5308    0
5309    0
5310    0
5311    0
5312    0
5313    0
5314    0
5315    0
5316    0
5317    0
5318    0
5319    0
5320    0
5321    0
5322    0
5323    0
5324    0
5325    0
5326    0
5327    0
5328    0
5329    0
5330    0
5331    0
5332    0
5333    0
5334    0
5335    0
5336    0
5337    0
5338    0
5339    0
5340    0
5341    0
5342    0
5343    0
5344    0
5345    0
5346    0
5347    0
5348    0
5349    0
5350    0
5351    0
5352    0
5353    0
5354    0
5355    0
5356    0
5357    0
5358    0
5359    0
5360    0
5361    0
5362    0
5363    0
5364    0
5365    0
5366    0
5367    0
5368    0
5369    0
5370    0
5371    0
5372    0
5373    0
5374    0
5375    0
5376    0
5377    0
5378    0
5379    0
5380    0
5381    0
5382    0
5383    0
5384    0
5385    0
5386    0
5387    0
5388    0
5389    0
5390    0
5391    0
5392    0
5393    0
5394    0
5395    0
5396    0
5397    0
5398    0
5399    0
5400    0
5401    0
5402    0
5403    0
5404    0
5405    0
5406    0
5407    0
5408    0
5409    0
5410    0
5411    0
5412    0
5413    0
5414    0
5415    0
5416    0
5417    0
5418    0
5419    0
5420    0
5421    0
5422    0
5423    0
5424    0
5425    0
5426    0
5427    0
5428    0
5429    0
5430    0
5431    0
5432    0
5433    0
5434    0
5435    0
5436    0
5437    0
5438    0
5439    0
5440    0
5441    0
5442    0
5443    0
5444    0
5445    0
5446    0
5447    0
5448    0
5449    0
5450    0
5451    0
5452    0
5453    0
5454    0
5455    0
5456    0
5457    0
5458    0
5459    0
5460    0
5461    0
5462    0
5463    0
5464    0
5465    0
5466    0
5467    0
5468    0
5469    0
5470    0
5471    0
5472    0
5473    0
5474    0
5475    0
5476    0
5477    0
5478    0
5479    0
5480    0
5481    0
5482    0
5483    0
5484    0
5485    0
5486    0
5487    0
5488    0
5489    0
5490    0
5491    0
5492    0
5493    0
5494    0
5495    0
5496    0
5497    0
5498    0
5499    0
5500    0
5501    0
5502    0
5503    0
5504    0
5505    0
5506    0
5507    0
5508    0
5509    0
5510    0
5511    0
5512    0
5513    0
5514    0
5515    0
5516    0
5517    0
5518    0
5519    0
5520    0
5521    0
5522    0
5523    0
5524    0
5525    0
5526    0
5527    0
5528    0
5529    0
5530    0
5531    0
5532    0
5533    0
5534    0
5535    0
5536    0
5537    0
5538    0
5539    0
5540    0
5541    0
5542    0
5543    0
5544    0
5545    0
5546    0
5547    0
5548    0
5549    0
5550    0
5551    0
5552    0
5553    0
5554    0
5555    0
5556    0
5557    0
5558    0
5559    0
5560    0
5561    0
5562    0
5563    0
5564    0
5565    0
5566    0
5567    0
5568    0
5569    0
5570    0
5571    0
5572    0
5573    0
5574    0
5575    0
5576    0
5577    0
5578    0
5579    0
5580    0
5581    0
5582    0
5583    0
5584    0
5585    0
5586    0
5587    0
5588    0
5589    0
5590    0
5591    0
5592    0
5593    0
5594    0
5595    0
5596    0
5597    0
5598    0
5599    0
5600    0
5601    0
5602    0
5603    0
5604    0
5605    0
5606    0
5607    0
5608    0
5609    0
5610    0
5611    0
5612    0
5613    0
5614    0
5615    0
5616    0
5617    0
5618    0
5619    0
5620    0
5621    0
5622    0
5623    0
5624    0
5625    0
5626    0
5627    0
5628    0
5629    0
5630    0
5631    0
5632    0
5633    0
5634    0
5635    0
5636    0
5637    0
5638    0
5639    0
5640    0
5641    0
5642    0
5643    0
5644    0
5645    0
5646    0
5647    0
5648    0
5649    0
5650    0
5651    0
5652    0
5653    0
5654    0
5655    0
5656    0
5657    0
5658    0
5659    0
5660    0
5661    0
5662    0
5663    0
5664    0
5665    0
5666    0
5667    0
5668    0
5669    0
5670    0
5671    0
5672    0
5673    0
5674    0
5675    0
5676    0
5677    0
5678    0
5679    0
5680    0
5681    0
5682    0
5683    0
5684    0
5685    0
5686    0
5687    0
5688    0
5689    0
5690    0
5691    0
5692    0
5693    0
5694    0
5695    0
5696    0
5697    0
5698    0
5699    0
5700    0
5701    0
5702    0
5703    0
5704    0
5705    0
5706    0
5707    0
5708    0
5709    0
5710    0
5711    0
5712    0
5713    0
5714    0
5715    0
5716    0
5717    0
5718    0
5719    0
5720    0
5721    0
5722    0
5723    0
5724    0
5725    0
5726    0
5727    0
5728    0
5729    0
5730    0
5731    0
5732    0
5733    0
5734    0
5735    0
5736    0
5737    0
5738    0
5739    0
5740    0
5741    0
5742    0
5743    0
5744    0
5745    0
5746    0
5747    0
5748    0
5749    0
5750    0
5751    0
5752    0
5753    0
5754    0
5755    0
5756    0
5757    0
5758    0
5759    0
5760    0
5761    0
5762    0
5763    0
5764    0
5765    0
5766    0
5767    0
5768    0
5769    0
5770    0
5771    0
5772    0
5773    0
5774    0
5775    0
5776    0
5777    0
5778    0
5779    0
5780    0
5781    0
5782    0
5783    0
5784    0
5785    0
5786    0
5787    0
5788    0
5789    0
5790    0
5791    0
5792    0
5793    0
5794    0
5795    0
5796    0
5797    0
5798    0
5799    0
5800    0
5801    0
5802    0
5803    0
5804    0
5805    0
5806    0
5807    0
5808    0
5809    0
5810    0
5811    0
5812    0
5813    0
5814    0
5815    0
5816    0
5817    0
5818    0
5819    0
5820    0
5821    0
5822    0
5823    0
5824    0
5825    0
5826    0
5827    0
5828    0
5829    0
5830    0
5831    0
5832    0
5833    0
5834    0
5835    0
5836    0
5837    0
5838    0
5839    0
5840    0
5841    0
5842    0
5843    0
5844    0
5845    0
5846    0
5847    0
5848    0
5849    0
5850    0
5851    0
5852    0
5853    0
5854    0
5855    0
5856    0
5857    0
5858    0
5859    0
5860    0
5861    0
5862    0
5863    0
5864    0
5865    0
5866    0
5867    0
5868    0
5869    0
5870    0
5871    0
5872    0
5873    0
5874    0
5875    0
5876    0
5877    0
5878    0
5879    0
5880    0
5881    0
5882    0
5883    0
5884    0
5885    0
5886    0
5887    0
5888    0
5889    0
5890    0
5891    0
5892    0
5893    0
5894    0
5895    0
5896    0
5897    0
5898    0
5899    0
5900    0
5901    0
5902    0
5903    0
5904    0
5905    0
5906    0
5907    0
5908    0
5909    0
5910    0
5911    0
5912    0
5913    0
5914    0
5915    0
5916    0
5917    0
5918    0
5919    0
5920    0
5921    0
5922    0
5923    0
5924    0
5925    0
5926    0
5927    0
5928    0
5929    0
5930    0
5931    0
5932    0
5933    0
5934    0
5935    0
5936    0
5937    0
5938    0
5939    0
5940    0
5941    0
5942    0
5943    0
5944    0
5945    0
5946    0
5947    0
5948    0
5949    0
5950    0
5951    0
5952    0
5953    0
5954    0
5955    0
5956    0
5957    0
5958    0
5959    0
5960    0
5961    0
5962    0
5963    0
5964    0
5965    0
5966    0
5967    0
5968    0
5969    0
5970    0
5971    0
5972    0
5973    0
5974    0
5975    0
5976    0
5977    0
5978    0
5979    0
5980    0
5981    0
5982    0
5983    0
5984    0
5985    0
5986    0
5987    0
5988    0
5989    0
5990    0
5991    0
5992    0
5993    0
5994    0
5995    0
5996    0
5997    0
5998    0
5999    0
6000    0
6001    0
6002    0
6003    0
6004    0
6005    0
6006    0
6007    0
6008    0
6009    0
6010    0
6011    0
6012    0
6013    0
6014    0
6015    0
6016    0
6017    0
6018    0
6019    0
6020    0
6021    0
6022    0
6023    0
6024    0
6025    0
6026    0
6027    0
6028    0
6029    0
6030    0
6031    0
6032    0
6033    0
6034    0
6035    0
6036    0
6037    0
6038    0
6039    0
6040    0
6041    0
6042    0
6043    0
6044    0
6045    0
6046    0
6047    0
6048    0
6049    0
6050    0
6051    0
6052    0
6053    0
6054    0
6055    0
6056    0
6057    0
6058    0
6059    0
6060    0
6061    0
6062    0
6063    0
6064    0
6065    0
6066    0
6067    0
6068    0
6069    0
6070    0
6071    0
6072    0
6073    0
6074    0
6075    0
6076    0
6077    0
6078    0
6079    0
6080    0
6081    0
6082    0
6083    0
6084    0
6085    0
6086    0
6087    0
6088    0
6089    0
6090    0
6091    0
6092    0
6093    0
6094    0
6095    0
6096    0
6097    0
6098    0
6099    0
6100    0
6101    0
6102    0
6103    0
6104    0
6105    0
6106    0
6107    0
6108    0
6109    0
6110    0
6111    0
6112    0
6113    0
6114    0
6115    0
6116    0
6117    0
6118    0
6119    0
6120    0
6121    0
6122    0
6123    0
6124    0
6125    0
6126    0
6127    0
6128    0
6129    0
6130    0
6131    0
6132    0
6133    0
6134    0
6135    0
6136    0
6137    0
6138    0
6139    0
6140    0
6141    0
6142    0
6143    0
6144    0
6145    0
6146    0
6147    0
6148    0
6149    0
6150    0
6151    0
6152    0
6153    0
6154    0
6155    0
6156    0
6157    0
6158    0
6159    0
6160    0
6161    0
6162    0
6163    0
6164    0
6165    0
6166    0
6167    0
6168    0
6169    0
6170    0
6171    0
6172    0
6173    0
6174    0
6175    0
6176    0
6177    0
6178    0
6179    0
6180    0
6181    0
6182    0
6183    0
6184    0
6185    0
6186    0
6187    0
6188    0
6189    0
6190    0
6191    0
6192    0
6193    0
6194    0
6195    0
6196    0
6197    0
6198    0
6199    0
6200    0
6201    0
6202    0
6203    0
6204    0
6205    0
6206    0
6207    0
6208    0
6209    0
6210    0
6211    0
6212    0
6213    0
6214    0
6215    0
6216    0
6217    0
6218    0
6219    0
6220    0
6221    0
6222    0
6223    0
6224    0
6225    0
6226    0
6227    0
6228    0
6229    0
6230    0
6231    0
6232    0
6233    0
6234    0
6235    0
6236    0
6237    0
6238    0
6239    0
6240    0
6241    0
6242    0
6243    0
6244    0
6245    0
6246    0
6247    0
6248    0
6249    0
6250    0
6251    0
6252    0
6253    0
6254    0
6255    0
6256    0
6257    0
6258    0
6259    0
6260    0
6261    0
6262    0
6263    0
6264    0
6265    0
6266    0
6267    0
6268    0
6269    0
6270    0
6271    0
6272    0
6273    0
6274    0
6275    0
6276    0
6277    0
6278    0
6279    0
6280    0
6281    0
6282    0
6283    0
6284    0
6285    0
6286    0
6287    0
6288    0
6289    0
6290    0
6291    0
6292    0
6293    0
6294    0
6295    0
6296    0
6297    0
6298    0
6299    0
6300    0
6301    0
6302    0
6303    0
6304    0
6305    0
6306    0
6307    0
6308    0
6309    0
6310    0
6311    0
6312    0
6313    0
6314    0
6315    0
6316    0
6317    0
6318    0
6319    0
6320    0
6321    0
6322    0
6323    0
6324    0
6325    0
6326    0
6327    0
6328    0
6329    0
6330    0
6331    0
6332    0
6333    0
6334    0
6335    0
6336    0
6337    0
6338    0
6339    0
6340    0
6341    0
6342    0
6343    0
6344    0
6345    0
6346    0
6347    0
6348    0
6349    0
6350    0
6351    0
6352    0
6353    0
6354    0
6355    0
6356    0
6357    0
6358    0
6359    0
6360    0
6361    0
6362    0
6363    0
6364    0
6365    0
6366    0
6367    0
6368    0
6369    0
6370    0
6371    0
6372    0
6373    0
6374    0
6375    0
6376    0
6377    0
6378    0
6379    0
6380    0
6381    0
6382    0
6383    0
6384    0
6385    0
6386    0
6387    0
6388    0
6389    0
6390    0
6391    0
6392    0
6393    0
6394    0
6395    0
6396    0
6397    0
6398    0
6399    0
6400    0
6401    0
6402    0
6403    0
6404    0
6405    0
6406    0
6407    0
6408    0
6409    0
6410    0
6411    0
6412    0
6413    0
6414    0
6415    0
6416    0
6417    0
6418    0
6419    0
6420    0
6421    0
6422    0
6423    0
6424    0
6425    0
6426    0
6427    0
6428    0
6429    0
6430    0
6431    0
6432    0
6433    0
6434    0
6435    0
6436    0
6437    0
6438    0
6439    0
6440    0
6441    0
6442    0
6443    0
6444    0
6445    0
6446    0
6447    0
6448    0
6449    0
6450    0
6451    0
6452    0
6453    0
6454    0
6455    0
6456    0
6457    0
6458    0
6459    0
6460    0
6461    0
6462    0
6463    0
6464    0
6465    0
6466    0
6467    0
6468    0
6469    0
6470    0
6471    0
6472    0
6473    0
6474    0
6475    0
6476    0
6477    0
6478    0
6479    0
6480    0
6481    0
6482    0
6483    0
6484    0
6485    0
6486    0
6487    0
6488    0
6489    0
6490    0
6491    0
6492    0
6493    0
6494    0
6495    0
6496    0
6497    0
6498    0
6499    0
6500    0
6501    0
6502    0
6503    0
6504    0
6505    0
6506    0
6507    0
6508    0
6509    0
6510    0
6511    0
6512    0
6513    0
6514    0
6515    0
6516    0
6517    0
6518    0
6519    0
6520    0
6521    0
6522    0
6523    0
6524    0
6525    0
6526    0
6527    0
6528    0
6529    0
6530    0
6531    0
6532    0
6533    0
6534    0
6535    0
6536    0
6537    0
6538    0
6539    0
6540    0
6541    0
6542    0
6543    0
6544    0
6545    0
6546    0
6547    0
6548    0
6549    0
6550    0
6551    0
6552    0
6553    0
6554    0
6555    0
6556    0
6557    0
6558    0
6559    0
6560    0
6561    0
6562    0
6563    0
6564    0
6565    0
6566    0
6567    0
6568    0
6569    0
6570    0
6571    0
6572    0
6573    0
6574    0
6575    0
6576    0
6577    0
6578    0
6579    0
6580    0
6581    0
6582    0
6583    0
6584    0
6585    0
6586    0
6587    0
6588    0
6589    0
6590    0
6591    0
6592    0
6593    0
6594    0
6595    0
6596    0
6597    0
6598    0
6599    0
6600    0
6601    0
6602    0
6603    0
6604    0
6605    0
6606    0
6607    0
6608    0
6609    0
6610    0
6611    0
6612    0
6613    0
6614    0
6615    0
6616    0
6617    0
6618    0
6619    0
6620    0
6621    0
6622    0
6623    0
6624    0
6625    0
6626    0
6627    0
6628    0
6629    0
6630    0
6631    0
6632    0
6633    0
6634    0
6635    0
6636    0
6637    0
6638    0
6639    0
6640    0
6641    0
6642    0
6643    0
6644    0
6645    0
6646    0
6647    0
6648    0
6649    0
6650    0
6651    0
6652    0
6653    0
6654    0
6655    0
6656    0
6657    0
6658    0
6659    0
6660    0
6661    0
6662    0
6663    0
6664    0
6665    0
6666    0
6667    0
6668    0
6669    0
6670    0
6671    0
6672    0
6673    0
6674    0
6675    0
6676    0
6677    0
6678    0
6679    0
6680    0
6681    0
6682    0
6683    0
6684    0
6685    0
6686    0
6687    0
6688    0
6689    0
6690    0
6691    0
6692    0
6693    0
6694    0
6695    0
6696    0
6697    0
6698    0
6699    0
6700    0
6701    0
6702    0
6703    0
6704    0
6705    0
6706    0
